gene_id	lr	df	pvalue	adj_pvalue
ENSG00000173153.16	5.79055575734674	6	0.447056568233012	0.902686824075972
ENSG00000003137.8	2.54024844171636	6	0.863936308690539	0.999999999795678
ENSG00000003509.16	6.07393211672752	9	0.732496648683713	0.999999999795678
ENSG00000003249.14	20.5202528091158	6	0.00223641353131072	0.0340161435240825
ENSG00000001617.12	4.32738310243076	6	0.632464821921095	0.999999999795678
ENSG00000048028.11	21.3599860663708	15	0.125716555808823	0.474153237567893
ENSG00000001460.18	8.74063742694943	6	0.188698402674782	0.595632766057697
ENSG00000001461.17	2.30851806317151	3	0.510891036617212	0.946331033941777
ENSG00000003989.18		3	1	
ENSG00000005801.18		9	1	
ENSG00000006611.16		6	1	
ENSG00000075790.11	18.0931744187037	6	0.00600351779062906	0.0657767497554998
ENSG00000006118.15	5.35813373051497	6	0.498766193847183	0.938404013049632
ENSG00000004975.12	0.848252218624111	3	0.837894273683315	0.999999999795678
ENSG00000006625.18	0.050156828132458	3	0.997057012449894	0.999999999795678
ENSG00000005175.10	19.2692949007105	12	0.0822335288614275	0.365898583139184
ENSG00000006652.15	42.0045954382222	12	3.32460527207048e-05	0.00120863564756392
ENSG00000007038.11	1.55310120247304	6	0.955889519074707	0.999999999795678
ENSG00000005073.6	1.59110631244585	3	0.661408080932808	0.999999999795678
ENSG00000186654.21	9.78689576791112	6	0.133917941150884	0.489262167151966
ENSG00000007255.10	11.9255759332318	9	0.217537578303454	0.640389368423882
ENSG00000006282.21	22.6327282760904	12	0.0310108033501485	0.19795636437768
ENSG00000005486.17	2.10130562660925	3	0.551648671346447	0.966210808531499
ENSG00000007376.8	0.108837981431861	3	0.990756139764771	0.999999999795678
ENSG00000004777.18	4.42343884634897	6	0.619572964204444	0.999999999795678
ENSG00000005882.12	12.8104976999784	9	0.171370189564764	0.566160952060003
ENSG00000010626.15	28.2353309854434	15	0.0201415303473633	0.148039335019106
ENSG00000010072.16	0.071443234563958	3	0.995028685148052	0.999999999795678
ENSG00000008405.12	10.1989143445426	6	0.116521390062973	0.454371769716462
ENSG00000010270.13	7.05852349643828	6	0.315468895594038	0.777379531783282
ENSG00000010278.14	3.1648184391961	9	0.957400145639673	0.999999999795678
ENSG00000010219.13	11.7984258130018	9	0.224913131858651	0.652835932681018
ENSG00000009780.16	0.494639927006801	3	0.920067408455049	0.999999999795678
ENSG00000048707.15	9.61091610477888	9	0.38289153594152	0.849405092160391
ENSG00000011105.14	0.468701505091303	3	0.925711740495116	0.999999999795678
ENSG00000011478.12	1.81650814073873	3	0.611349185311283	0.999999999795678
ENSG00000012983.11	0.318704125755176	3	0.956473199985168	0.999999999795678
ENSG00000012061.16	4.39077261791317	9	0.883864553272335	0.999999999795678
ENSG00000011198.10	11.5766769183319	9	0.238239384488482	0.676499716304071
ENSG00000013588.9	11.3931631029045	3	0.00977922779689868	0.0915495626706231
ENSG00000013563.14	5.78660920976108	6	0.447513937614833	0.902688406938908
ENSG00000014919.13	0.173357821431637	3	0.981771135378733	0.999999999795678
ENSG00000015532.10	3.36866235778689	3	0.338199884868479	0.799571290699625
ENSG00000068438.15	0.47539348963619	3	0.924263127195052	0.999999999795678
ENSG00000019549.13	0.176677641920378	3	0.981263491765087	0.999999999795678
ENSG00000022277.13	1.72919790167362	3	0.630462062543155	0.999999999795678
ENSG00000022567.10	8.54029206127461	6	0.201129611286536	0.615537092751963
ENSG00000023287.13	2.29585182448136	3	0.513316053061648	0.947675515712402
ENSG00000007541.17	11.539934179229	6	0.0730553549922909	0.340967048314625
ENSG00000026297.16	3.13945012264958	6	0.791151896727949	0.999999999795678
ENSG00000027847.14	0.0556820112360583	3	0.996563249446922	0.999999999795678
ENSG00000029364.12	1.6818784568004	3	0.640970116352003	0.999999999795678
ENSG00000031003.10	0.586631423977451	3	0.89948586724355	0.999999999795678
ENSG00000031823.14	28.4585383574849	12	0.0047377628193779	0.0565481423421931
ENSG00000033100.16	5.5639554166155	3	0.134863024819737	0.491386311107238
ENSG00000035141.8	0.395770954317413	3	0.941114724629882	0.999999999795678
ENSG00000035681.9	0.113742836945676	3	0.990138709215888	0.999999999795678
ENSG00000052841.15	23.0756633896344	9	0.00602860604480698	0.0659566925846832
ENSG00000037757.14	4.80057256003056	9	0.851334755545571	0.999999999795678
ENSG00000038219.13	0.292256254703716	3	0.961478229565946	0.999999999795678
ENSG00000059588.10	13.2822930201	9	0.150243284294852	0.523205457808576
ENSG00000039523.20	4.02838759577207	3	0.258415053305721	0.70919798143178
ENSG00000041357.16	4.75192068063188	9	0.85537558912128	0.999999999795678
ENSG00000040531.16	4.40461198611047	9	0.882824209445248	0.999999999795678
ENSG00000030582.18	1.19952460960485	3	0.753118332171773	0.999999999795678
ENSG00000041988.15	4.03321309551393	6	0.672181615365083	0.999999999795678
ENSG00000049541.11	3.67099746313761	6	0.721097538475015	0.999999999795678
ENSG00000049769.14		6	1	
ENSG00000050344.9	3.37513145085359	3	0.337321888823559	0.799183584645323
ENSG00000052723.12	12.0667640320826	6	0.060495847134947	0.306333437053726
ENSG00000054965.10	0.269437962527263	3	0.96567001177789	0.999999999795678
ENSG00000054967.13	1.72796908742066	3	0.630733634140558	0.999999999795678
ENSG00000004897.12	2.91726406952148	6	0.819157166928627	0.999999999795678
ENSG00000057294.15		3	1	
ENSG00000196083.10	0.733853079298228	3	0.865213934239247	0.999999999795678
ENSG00000058799.15	0.47055078149242	6	0.998178618977983	0.999999999795678
ENSG00000040933.16	3.67842908858893	6	0.720098788567111	0.999999999795678
ENSG00000060069.17	1.97011251671211	6	0.922426710385308	0.999999999795678
ENSG00000060642.11	0.726624530666413	6	0.993898352550331	0.999999999795678
ENSG00000061273.18	9.74734761589207	6	0.135702939241336	0.493780847589549
ENSG00000026950.17		6	1	
ENSG00000062725.10	7.09404788580741	6	0.312237265762554	0.774456790744255
ENSG00000063177.13	2.34482830623165	3	0.503987430783173	0.942559860350865
ENSG00000063180.9	6.74183118296787	6	0.345383788084571	0.808048894404774
ENSG00000063241.8	1.28223810008785	6	0.972628074557794	0.999999999795678
ENSG00000063245.15	1.98742660263088	3	0.575020457417136	0.983479081915764
ENSG00000053918.18	15.2809396602856	6	0.0181806481056058	0.138517155184651
ENSG00000068308.13	0.909260876978806	3	0.823192390589482	0.999999999795678
ENSG00000021776.11	5.57765256549283	6	0.472121465284731	0.921379939815744
ENSG00000071655.18	2.98922655028582	6	0.81019779485322	0.999999999795678
ENSG00000013275.8	9.39523037156323	6	0.152540151311365	0.5278187735313
ENSG00000004660.15	18.7181251517477	6	0.00466713151692307	0.0559710579995493
ENSG00000072818.12	6.41784042665586	9	0.697479441097671	0.999999999795678
ENSG00000072849.11	1.8342121073365	6	0.934297060825216	0.999999999795678
ENSG00000074855.11	3.13582729085374	3	0.371153666957656	0.83721279299547
ENSG00000127663.15	2.71419758137381	3	0.43781995362253	0.895956888835721
ENSG00000076662.10	2.5387608927158	9	0.979822839998887	0.999999999795678
ENSG00000076826.10		3	1	
ENSG00000077063.11	6.91538952955665	3	0.0746440539727335	0.345005328139652
ENSG00000079432.7	3.80763987126556	12	0.986662563001848	0.999999999795678
ENSG00000079616.13	2.63477995606081	6	0.853089192576359	0.999999999795678
ENSG00000047188.16	1.87800877989139	3	0.59810820869034	0.998115578458708
ENSG00000064545.15	7.83862801722717	9	0.550487022977734	0.966210808531499
ENSG00000050820.17	0.83575801275947	3	0.840896441971752	0.999999999795678
ENSG00000067365.15		12	1	
ENSG00000008300.17		6	1	
ENSG00000068971.14		3	1	
ENSG00000069399.15	14.1697824519033	6	0.0277960439145674	0.185160019483852
ENSG00000069424.15	2.96558194578029	6	0.813154108969258	0.999999999795678
ENSG00000069943.10	2.93011376215873	6	0.81756582502059	0.999999999795678
ENSG00000067840.12	2.31804506150274	6	0.888249741672611	0.999999999795678
ENSG00000185864.16	2.32711490769816	3	0.507346321655961	0.943794545586249
ENSG00000068615.19	2.81977202572807	3	0.420255423808015	0.883560871579766
ENSG00000070404.10	0.0182987137086457	3	0.999345263144705	0.999999999795678
ENSG00000072682.18	5.69700544732768	6	0.457972702564761	0.91166625146298
ENSG00000071994.11	2.43161581307504	6	0.876041070055887	0.999999999795678
ENSG00000073350.14	51.2618427406524	18	4.85393498453956e-05	0.00159962808616513
ENSG00000074964.17	1.25471872216986	6	0.974095773751778	0.999999999795678
ENSG00000073849.15	2.472222001717	3	0.480332112895003	0.926580512635038
ENSG00000075336.12	16.4307712185546	12	0.172292787068819	0.567104191947591
ENSG00000079313.15	11.4951000292394	9	0.243291598164952	0.684611241347889
ENSG00000075975.16	0.0127853701560525	3	0.999616978114605	0.999999999795678
ENSG00000077238.14	4.68929858899901	3	0.19601412321025	0.606984910949386
ENSG00000079999.14	2.06909376909425	3	0.558190563989852	0.970741774557615
ENSG00000079308.19	12.5355696359584	6	0.0510334530903009	0.273504027011961
ENSG00000065320.9	3.53632076401664	3	0.316081902283269	0.778010720941877
ENSG00000067082.15	13.907764201218	6	0.0306836315639306	0.196904253488959
ENSG00000070444.15	10.0070927318093	6	0.124353646768537	0.472808051712982
ENSG00000070718.12	3.26826600897675	6	0.774501170902113	0.999999999795678
ENSG00000070669.17	8.09856568880059	6	0.230970731498648	0.662590134557516
ENSG00000072135.13	10.8441740909038	9	0.286541478181315	0.743595314857849
ENSG00000072210.19	29.1311294152401	9	0.00061584658505951	0.0126549838575996
ENSG00000072786.13	3.59798095103224	3	0.30827488970175	0.771591395743157
ENSG00000074071.15	5.33036180800991	6	0.502192054678912	0.940269043307394
ENSG00000137764.20	5.83024135676715	3	0.120167868537716	0.463109657390443
ENSG00000078237.7	2.40667264395961	6	0.878762781200056	0.999999999795678
ENSG00000065809.13	11.8384197866108	9	0.222572483217746	0.649093809668771
ENSG00000065883.16	28.7006698709156	9	0.000727813866397415	0.0146411588458656
ENSG00000068097.15	31.8466528441659	15	0.00675473490883729	0.0712101897346475
ENSG00000068912.14	0.383028279225982	3	0.943725704357974	0.999999999795678
ENSG00000075568.17	4.10616263680367	3	0.250226319115375	0.696151259117483
ENSG00000072954.7	0.481460059392703	3	0.922945262909338	0.999999999795678
ENSG00000073008.15	0.939951236447087	6	0.987786517951214	0.999999999795678
ENSG00000075089.9	18.6908991893033	9	0.0279532186509071	0.185417353650007
ENSG00000075415.13	4.65245372173376	6	0.589096046733137	0.992312716742008
ENSG00000077150.20	29.6562564200322	6	4.56861876830308e-05	0.00153048728738153
ENSG00000079156.17	1.40366666934705	3	0.704675469003356	0.999999999795678
ENSG00000064205.10	0.723269043839537	3	0.867717664086421	0.999999999795678
ENSG00000134461.16	3.59249943824489	3	0.308961923359448	0.772577605715265
ENSG00000081087.15	9.31867136018627	6	0.15643342769861	0.536693101291845
ENSG00000249437.8	4.45290037334655	3	0.216530138923115	0.639493565118285
ENSG00000081791.9	6.84653962436278	12	0.867585936627364	0.999999999795678
ENSG00000082146.13	9.6908228247712	3	0.0213856255306627	0.153699704057697
ENSG00000082269.16	2.99104917817544	6	0.80996941370356	0.999999999795678
ENSG00000082458.12	0.743859440031883	3	0.862842429491117	0.999999999795678
ENSG00000083544.15	24.9854793628274	6	0.000343574859320549	0.00800391202445888
ENSG00000083812.12	6.74796066494264	6	0.344785901576892	0.807155444436577
ENSG00000085872.15	7.94936267046069	3	0.0470699013780348	0.260305067533869
ENSG00000086189.10	3.66566972365763	6	0.721813339060827	0.999999999795678
ENSG00000086232.13	3.73461432172917	6	0.712538017092273	0.999999999795678
ENSG00000086289.12	3.15329695903711	3	0.368588343189278	0.833978704503343
ENSG00000086504.17	45.0703248192149	6	4.53201224330282e-08	4.83434516532316e-06
ENSG00000086589.12	1.88603608783887	3	0.596393792307226	0.996963301891221
ENSG00000087074.8	8.1517294901314	3	0.0429778173682517	0.248254328061646
ENSG00000005893.16	13.0227020299826	6	0.0426768501023496	0.247482992689376
ENSG00000197208.6	3.06520894579444	3	0.381680105124482	0.84801584535829
ENSG00000131037.15	2.23569421767024	3	0.524951985416429	0.953075047686057
ENSG00000197183.14	49.8986769046096	9	1.12553922793065e-07	1.00271939789382e-05
ENSG00000088367.23	6.37909595674864	15	0.97265234864858	0.999999999795678
ENSG00000089060.11	0.941209202188475	3	0.815473387698428	0.999999999795678
ENSG00000089063.15	5.14325929489132	3	0.16160257519704	0.547248152515622
ENSG00000089163.4	2.24269645537061	3	0.523587534881664	0.952682167449596
ENSG00000089195.15	19.2551669798431	6	0.00375371172210401	0.0490361502404096
ENSG00000249115.9	6.8150400350296	6	0.338291541519639	0.799571290699625
ENSG00000010256.11	0.0548113249242306	3	0.99664266890554	0.999999999795678
ENSG00000089639.11	6.97524700439953	9	0.639696664664855	0.999999999795678
ENSG00000089693.10	5.35937589366222	6	0.498613244507333	0.938404013049632
ENSG00000090006.18	13.5627204038919	9	0.13875242817016	0.500607892823983
ENSG00000090539.15	3.31264605199112	6	0.768706079342954	0.999999999795678
ENSG00000090554.13	0.649530455394142	3	0.885005645433148	0.999999999795678
ENSG00000090615.15	17.5915752072924	9	0.0402187725332261	0.237081413565072
ENSG00000090863.12	23.3270438511463	9	0.00550213930074079	0.0625561515995711
ENSG00000090924.15	6.39881468717977	9	0.699434309729515	0.999999999795678
ENSG00000090932.11	0.430600781800877	3	0.933851011117878	0.999999999795678
ENSG00000090971.5	11.6601522893325	6	0.069994266227071	0.333202299649363
ENSG00000091140.14	13.5410030999628	9	0.13961495773836	0.503495757288648
ENSG00000091640.8	1.66882319317665	3	0.643887209923984	0.999999999795678
ENSG00000091986.16	5.71998951645037	6	0.455276418076218	0.909042331525281
ENSG00000092036.18	12.8061767243998	9	0.171574472522528	0.566199601750859
ENSG00000092094.11	12.5068428722116	12	0.405879301405252	0.869626334186508
ENSG00000092140.16	2.72642393928527	6	0.842316352330068	0.999999999795678
ENSG00000092295.12	7.44054223285866	3	0.0591060191353757	0.301745904994012
ENSG00000093010.14	0.860384708183119	6	0.990355999107558	0.999999999795678
ENSG00000093217.11	11.8426431020339	6	0.0655727288300226	0.32140151912031
ENSG00000094804.12	1.18942106910254	3	0.75554267858234	0.999999999795678
ENSG00000094916.16	87.5966178457675	6	9.55753090382329e-17	4.30460572429419e-14
ENSG00000076321.11	2.62599717552803	6	0.854108651977988	0.999999999795678
ENSG00000167964.13	0.79894069047441	3	0.849720389469969	0.999999999795678
ENSG00000119314.16	6.15764899812029	3	0.104187155895122	0.421690101268973
ENSG00000204463.12	10.0746876055491	9	0.344472749639455	0.807155444436577
ENSG00000204314.12		6	1	
ENSG00000096654.15	1.27944890626759	3	0.734018825424247	0.999999999795678
ENSG00000035403.18	0.995548142062034	3	0.802329174408818	0.999999999795678
ENSG00000096717.12	10.6638799555149	3	0.0136894347730465	0.112686034714532
ENSG00000099203.7	2.99573481336847	6	0.809381966574142	0.999999999795678
ENSG00000099326.9	38.1592699384109	9	1.63209893466862e-05	0.00068556611727246
ENSG00000099330.9	5.26314076944982	12	0.948607312032386	0.999999999795678
ENSG00000099341.11	5.15501160942949	3	0.160792024035913	0.546100100066671
ENSG00000099624.8	1.30209090118296	3	0.728636631025371	0.999999999795678
ENSG00000099625.13	3.21707827604314	6	0.781149405146777	0.999999999795678
ENSG00000099785.10	6.95293007187229	6	0.325222162415036	0.787519747667895
ENSG00000099800.8	4.63247693688027	3	0.200773685263433	0.614912076475501
ENSG00000099804.9	5.99287161268512	3	0.111957552142421	0.44215279133045
ENSG00000099817.12	3.30036126024788	6	0.770312973289652	0.999999999795678
ENSG00000099860.9	1.88092152101672	3	0.5974857530495	0.998115578458708
ENSG00000188130.14	14.3934050712851	9	0.109003107270228	0.433605589126465
ENSG00000099940.12	14.969081692554	6	0.0204985578089712	0.14930980068044
ENSG00000184436.12	5.42187703012314	9	0.796091712785361	0.999999999795678
ENSG00000099995.19	2.03703615960694	6	0.916261049826084	0.999999999795678
ENSG00000099999.15		6	1	
ENSG00000100028.12	2.40566908425535	6	0.878871820433797	0.999999999795678
ENSG00000100030.15	1.85930386550172	3	0.602115550418263	0.999999999795678
ENSG00000133422.14	19.0512357131884	15	0.211421515316564	0.631770816318239
ENSG00000241360.2	1.90752774734574	3	0.591819677477887	0.993761832086419
ENSG00000100104.13	9.94809479122705	6	0.126854947640461	0.475859803936317
ENSG00000100105.18	6.6761462906743	9	0.670795928658293	0.999999999795678
ENSG00000100124.15	0.373063593357074	3	0.94574895302415	0.999999999795678
ENSG00000100138.15	6.03596039774129	6	0.41917386031713	0.881973134075
ENSG00000100139.13	2.11492379763695	6	0.908831300198517	0.999999999795678
ENSG00000100196.11	0.0780117434696876	3	0.994338683404123	0.999999999795678
ENSG00000100201.22	15.2361522396241	6	0.0184973975367186	0.13998573329322
ENSG00000100209.11	4.81613144941548	6	0.567602856965455	0.976561197245107
ENSG00000100211.10	2.49602671806497	6	0.868912073759175	0.999999999795678
ENSG00000100216.6	0.26132383618824	3	0.96713035101999	0.999999999795678
ENSG00000100221.10	12.0703856651708	3	0.00714589728192702	0.0742715246981825
ENSG00000100226.16	4.09067356054311	6	0.6644071622636	0.999999999795678
ENSG00000100239.16	9.70260363820489	6	0.137747699506214	0.498535982096819
ENSG00000100258.18	2.45161546506279	6	0.873842879885913	0.999999999795678
ENSG00000183741.12	0.480197030310592	3	0.923219994051418	0.999999999795678
ENSG00000100263.14	4.34538565414914	6	0.63004471190742	0.999999999795678
ENSG00000100281.14	4.18523479409942	6	0.651625118141616	0.999999999795678
ENSG00000100297.16	1.07416208188806	3	0.783314833870157	0.999999999795678
ENSG00000100299.18	4.00181027290455	9	0.91129333865088	0.999999999795678
ENSG00000100316.16	2.19675571797416	3	0.532587676274828	0.956996006368001
ENSG00000100321.15	12.7197354787677	9	0.175703374097116	0.571829487677767
ENSG00000100344.11	2.21944480454886	6	0.898450558788289	0.999999999795678
ENSG00000100350.14	5.31607990259727	6	0.503958467525786	0.942559860350865
ENSG00000239900.13	1.34715715618222	6	0.968993845392414	0.999999999795678
ENSG00000100376.12	10.0679346111428	3	0.0179974060444616	0.137699324325606
ENSG00000100380.14	2.35316569713177	6	0.884525261173399	0.999999999795678
ENSG00000100425.18	10.9713035921377	6	0.0892673888439366	0.383920807086363
ENSG00000100429.18	4.66874405847602	6	0.586944964933133	0.991396525909837
ENSG00000090060.18	15.3767183896489	6	0.0175206003275644	0.134379855114063
ENSG00000075413.18	12.1444914467647	12	0.43414627140447	0.893986238830592
ENSG00000092201.10	52.0452709748934	6	1.82613444834847e-09	3.21836347233936e-07
ENSG00000100478.15	16.8683529704481	6	0.00977944014712713	0.0915495626706231
ENSG00000100479.13	61.0521277196312	12	1.45047001886798e-08	1.83733756921293e-06
ENSG00000100485.12	0.356631268906995	3	0.949048273084658	0.999999999795678
ENSG00000100490.9	3.64254003975975	6	0.724918838894387	0.999999999795678
ENSG00000100504.17	1.15796468986082	3	0.763102742388652	0.999999999795678
ENSG00000100522.10	8.90025800143121	9	0.446531818872102	0.902153300023546
ENSG00000100526.20	16.1992000423925	6	0.0127237910106093	0.108580814445273
ENSG00000100528.12	2.42277201407705	6	0.877008610295129	0.999999999795678
ENSG00000100532.12	5.66245572014304	9	0.773167785366119	0.999999999795678
ENSG00000100554.12	0.988928238744847	3	0.803930971474267	0.999999999795678
ENSG00000100558.9	2.7061794985766	3	0.43917817458001	0.897282626340762
ENSG00000100564.9	11.3646112626448	6	0.077740500035111	0.353671287196771
ENSG00000100568.11	3.88345904817106	6	0.692443991130413	0.999999999795678
ENSG00000100575.14	9.39848783574416	6	0.152376385560807	0.5278187735313
ENSG00000100577.19	4.30082614732964	3	0.230759150636305	0.662368899562057
ENSG00000100591.8	2.48333935547271	3	0.47830956087377	0.926048928909263
ENSG00000100596.7	40.4619627634356	3	8.50395762441556e-09	1.14902640768562e-06
ENSG00000100601.10	3.15027446898694	6	0.78976326717377	0.999999999795678
ENSG00000100612.14	6.0470145675572	9	0.735203802637706	0.999999999795678
ENSG00000100625.9	2.64576826068173	3	0.449522216110335	0.904036432087946
ENSG00000100629.17	0.375370124209894	3	0.945282110322495	0.999999999795678
ENSG00000100664.11	8.95121769183606	9	0.441789386696304	0.89944413810822
ENSG00000100711.14	3.23282484550418	6	0.779108502773716	0.999999999795678
ENSG00000100823.12	0.487793704669457	3	0.921564780674446	0.999999999795678
ENSG00000100836.10	3.65808320359793	3	0.300830564963109	0.763328134634092
ENSG00000100852.13	3.83677275679383	6	0.69875430969325	0.999999999795678
ENSG00000100865.15	2.4241654500438	3	0.489152085111721	0.932413814719192
ENSG00000100906.11	0.589746629706497	3	0.898775584274952	0.999999999795678
ENSG00000100908.14	6.20575108512276	6	0.400541020922601	0.866840912071416
ENSG00000100911.16	1.33453669314622	3	0.720948789244045	0.999999999795678
ENSG00000100941.9	0.821607084944844	3	0.844292228250731	0.999999999795678
ENSG00000100949.14	2.86100833344062	6	0.826078715986635	0.999999999795678
ENSG00000132670.20	3.45601239228381	6	0.749812562685371	0.999999999795678
ENSG00000088833.17	5.62996532168472	12	0.9335753042527	0.999999999795678
ENSG00000020256.20	2.81480828647273	6	0.831705590394785	0.999999999795678
ENSG00000101057.16	2.99066578855854	3	0.393066568119085	0.861240721011196
ENSG00000101104.13	6.21759721943818	9	0.717958163756236	0.999999999795678
ENSG00000101138.12	8.7599333490798	9	0.459723209832504	0.912106879388296
ENSG00000101150.18	3.25304191713803	3	0.354231991602322	0.818463432000218
ENSG00000101187.16	14.8769914576733	6	0.0212353261606174	0.152754914981477
ENSG00000101190.13	2.21702168952288	3	0.528603415921538	0.954552444230318
ENSG00000101197.13	3.98297691161827	3	0.263308192825125	0.713937819027338
ENSG00000101210.13	1.16089690453373	3	0.76239730091506	0.999999999795678
ENSG00000101266.19	15.6287513529896	12	0.208837586170624	0.62775169116991
ENSG00000101311.16	7.6491315032074	3	0.0538479337724316	0.283594593193106
ENSG00000101417.12	6.6255774123656	6	0.356864596766817	0.822137336171807
ENSG00000091164.13	0.281578803173034	3	0.963454942119622	0.999999999795678
ENSG00000101751.10	17.5915855702497	15	0.284745177958616	0.741544862740284
ENSG00000101846.8	1.2432107807665	3	0.742660315133476	0.999999999795678
ENSG00000101888.11	1.25406137634218	3	0.740069460534283	0.999999999795678
ENSG00000101940.18	14.7314399984534	9	0.0985819626464432	0.406099578848941
ENSG00000101972.19	3.23821942246104	3	0.356334324373709	0.821550953854784
ENSG00000085185.15	1.31893757438411	3	0.724641149610438	0.999999999795678
ENSG00000102078.16	24.5546674139114	9	0.00350538537475	0.0470499325051295
ENSG00000102081.15	20.1929675615102	18	0.32206116979548	0.783698863973725
ENSG00000102103.17	21.2648160196695	6	0.00164403434106689	0.0268713435544945
ENSG00000086758.16	25.6992604580664	12	0.0118355983753149	0.103619002190797
ENSG00000102241.12	5.05053793927073	6	0.537347800743181	0.960356303554987
ENSG00000102309.15	4.49045567928624	3	0.213143200548901	0.634541669180973
ENSG00000102316.17	5.21707494459406	9	0.81498953053951	0.999999999795678
ENSG00000102471.14	35.7029969758605	6	3.14829062690665e-06	0.0001784838609254
ENSG00000102606.18	2.93777435185984	6	0.816615334459994	0.999999999795678
ENSG00000065057.9	1.06522916829999	3	0.785473826826318	0.999999999795678
ENSG00000006194.10	13.9286924877706	9	0.124884479695238	0.473103134200878
ENSG00000177200.17	25.1719730444456	15	0.047680988439131	0.26224543641522
ENSG00000122386.11	7.83301193455918	9	0.551058400450068	0.966210808531499
ENSG00000125149.12	3.41631658330789	3	0.331778860303354	0.792794475177161
ENSG00000102897.10	2.88307353968048	6	0.8233728162627	0.999999999795678
ENSG00000102898.12	0.629821727459785	3	0.889572706193103	0.999999999795678
ENSG00000102934.10	70.9898721106711	6	2.56157046938221e-13	8.65277158136732e-11
ENSG00000102967.12	0.413350933898983	3	0.937470903424349	0.999999999795678
ENSG00000102977.17	3.52632783292211	3	0.31736350845848	0.779015272989526
ENSG00000102978.13	2.33744407238555	3	0.505385593037082	0.943584911996937
ENSG00000102981.9	0.614629880145913	3	0.893075181128717	0.999999999795678
ENSG00000103005.12	17.3621351594993	3	0.000595311276747796	0.0123431931473002
ENSG00000103021.9	1.94587626456473	3	0.58371593098562	0.989582821518281
ENSG00000103024.7	15.1648341455411	9	0.0865066394518385	0.376440862069809
ENSG00000103035.11	0.886128051031847	3	0.828774073697591	0.999999999795678
ENSG00000103037.12	22.0483304561094	12	0.0369817017552738	0.223557408107817
ENSG00000103064.15	12.5036614869023	6	0.0516309911009335	0.276103195814821
ENSG00000103066.13	1.81286752336018	3	0.612138829760815	0.999999999795678
ENSG00000103089.9	6.23831228090251	3	0.100574256727586	0.411172717746113
ENSG00000103121.9	10.8188077278901	9	0.288333566706311	0.746096465141418
ENSG00000103160.12	7.10254552322112	6	0.311467938759329	0.774456790744255
ENSG00000103175.11	0.591999773481803	3	0.898261375466488	0.999999999795678
ENSG00000103197.18	8.6712416216651	6	0.19292876774511	0.602942529337108
ENSG00000103199.14	0.0976971232705637	3	0.992112338661161	0.999999999795678
ENSG00000242612.7	6.17487552478269	6	0.403888441723219	0.869314036265377
ENSG00000103254.10	0.528397510111972	3	0.912609748344341	0.999999999795678
ENSG00000103260.9	4.60883302228467	9	0.866988429623265	0.999999999795678
ENSG00000103269.13	6.39622975247221	6	0.380297310140517	0.846067588723701
ENSG00000103326.12	7.60509691589687	6	0.268485306905668	0.721687792799819
ENSG00000103415.12	2.50139447892434	6	0.868311568435373	0.999999999795678
ENSG00000103485.19	0.881256556720473	3	0.829948514640892	0.999999999795678
ENSG00000103495.14	25.2776945314545	12	0.0135604162928392	0.112230551780753
ENSG00000103507.14	2.40472171309375	3	0.492756282533313	0.935785452377751
ENSG00000103510.20	9.771649861279	6	0.134603594443667	0.490882294266671
ENSG00000103550.14	4.52840533160816	6	0.605553150725077	0.999999999795678
ENSG00000174197.16	17.0142250035087	6	0.00923110727793959	0.0879395848440144
ENSG00000103653.16	1.08609084790805	3	0.780432825035794	0.999999999795678
ENSG00000103707.10	7.5107217625573	6	0.276183081131608	0.731465612131311
ENSG00000104064.17	14.5495326904747	9	0.104076168811296	0.421661919316932
ENSG00000104129.10	3.40900317951309	3	0.332757283012118	0.794382165401424
ENSG00000012232.9		6	1	
ENSG00000079459.13	1.38398590139695	3	0.709292781151017	0.999999999795678
ENSG00000123908.12	49.9170996337261	6	4.88443595186916e-09	7.47134382298174e-07
ENSG00000104221.13	1.12603948652759	3	0.770792056177888	0.999999999795678
ENSG00000104231.11	13.3095455423754	9	0.149092563227944	0.521500124292399
ENSG00000104312.8	2.66348615170045	6	0.849741018828777	0.999999999795678
ENSG00000104325.7	0.204524338274496	3	0.976855631233145	0.999999999795678
ENSG00000104368.18	24.5958989125329	9	0.00345226714846369	0.0468158662266163
ENSG00000104381.14	4.3079977231273	3	0.230069243704454	0.661173824428221
ENSG00000129292.21	9.61497162582236	12	0.649698107423307	0.999999999795678
ENSG00000104408.10	6.2692241879995	6	0.393717091773834	0.86207106614205
ENSG00000104412.8	0.978151481445821	6	0.986427004549922	0.999999999795678
ENSG00000104472.10	3.35824025326656	3	0.33961859623107	0.802006396634222
ENSG00000104490.18	3.39382818647005	3	0.334795548399674	0.796321363045534
ENSG00000104517.13	6.50885803624624	9	0.688105178456427	0.999999999795678
ENSG00000104643.10	1.930427502763	3	0.586971545609966	0.991396525909837
ENSG00000104689.10		3	1	
ENSG00000104756.16	6.42753396448825	6	0.377037959181438	0.842747928062839
ENSG00000088038.19	4.01976066318093	9	0.91010711598158	0.999999999795678
ENSG00000032444.17	1.91240938616102	6	0.927575352869177	0.999999999795678
ENSG00000011422.12	0.497243595222244	3	0.919496563135708	0.999999999795678
ENSG00000076944.16	2.68072556301377	3	0.443512726746331	0.900843779856112
ENSG00000256087.7	9.79591011589076	3	0.020383069134458	0.148735860911837
ENSG00000167384.10	9.79824745037399	3	0.0203613035354072	0.148735860911837
ENSG00000104774.13	4.14396482484517	3	0.246332291045755	0.690257618860802
ENSG00000104823.9	0.478125788940815	3	0.923670118881482	0.999999999795678
ENSG00000104824.17	0.77012410669704	3	0.856598783182913	0.999999999795678
ENSG00000104835.15	11.5136691917396	6	0.0737403112190248	0.343029311581032
ENSG00000104852.15	4.16204554308206	6	0.654757691036273	0.999999999795678
ENSG00000104859.15	4.89756201755517	9	0.843145008513546	0.999999999795678
ENSG00000104863.12	0.765598874446368	3	0.857676371994057	0.999999999795678
ENSG00000104866.11	3.3464383058872	3	0.341231419183929	0.804413913792274
ENSG00000104883.8		6	1	
ENSG00000104899.8	7.42544959661609	6	0.283285954469896	0.739427948539372
ENSG00000104907.12	11.4195776905181	6	0.0762427900832281	0.34861833006471
ENSG00000104946.13	6.2750139158743	12	0.901588847409767	0.999999999795678
ENSG00000104957.14	17.3912709768738	9	0.0429298480896311	0.248254328061646
ENSG00000104964.15	0.315958193095867	3	0.956999760394064	0.999999999795678
ENSG00000104979.9	10.497039420763	6	0.105221452636329	0.423890696917087
ENSG00000179943.8	0.281851897288107	3	0.963404713187403	0.999999999795678
ENSG00000105072.9	0.419543505921411	3	0.936176322835221	0.999999999795678
ENSG00000105136.21	15.9924160697174	6	0.0137947316821824	0.11319219610066
ENSG00000105171.10	3.48005602615012	9	0.94219536343171	0.999999999795678
ENSG00000105202.9	1.88072618760634	6	0.930334702927246	0.999999999795678
ENSG00000105254.12	4.32311384727655	3	0.228621277749802	0.658670385510994
ENSG00000105255.11	1.71122717799517	3	0.634440628375657	0.999999999795678
ENSG00000105258.9	1.22355049411999	3	0.747361648370202	0.999999999795678
ENSG00000105290.13	3.58129753016692	6	0.733123875852454	0.999999999795678
ENSG00000105298.14	9.12351630222747	6	0.166749839008032	0.55748392228131
ENSG00000105321.14	8.20679223624393	6	0.223341335980241	0.650264058683252
ENSG00000105341.19	6.16444924606185	6	0.405022948095128	0.869314036265377
ENSG00000105372.8	9.59719716198742	3	0.0223195131968048	0.158445090618648
ENSG00000105376.5	1.50063616620901	9	0.997142047319309	0.999999999795678
ENSG00000105401.9	3.39881496364251	3	0.334124532813948	0.795754285406191
ENSG00000105516.11	2.6863155260362	6	0.847060986665833	0.999999999795678
ENSG00000187266.14	3.03295498837724	6	0.804699412650676	0.999999999795678
ENSG00000105538.10	1.54323615869362	3	0.672327992450671	0.999999999795678
ENSG00000105607.13	0.995852533040306	3	0.8022555210448	0.999999999795678
ENSG00000105612.9	0.45435166140669	3	0.928799396383462	0.999999999795678
ENSG00000105643.10	2.60059689842274	3	0.457384912484558	0.910837505652741
ENSG00000105649.10	4.33054176240785	3	0.227912837535481	0.658225998228352
ENSG00000205155.8	1.48521246653399	6	0.960470785813764	0.999999999795678
ENSG00000105698.16	4.62855233519804	6	0.592256576561681	0.994083657595352
ENSG00000105701.16	1.63286551780766	3	0.651960955451887	0.999999999795678
ENSG00000105722.10	9.42413755548841	3	0.024152256283459	0.167209514679762
ENSG00000105738.11	4.67801947143607	6	0.585721296658758	0.991117209770935
ENSG00000105767.3	2.26255808783299	3	0.519731706220565	0.950985646027984
ENSG00000091136.14	4.80059426352091	3	0.186994634694108	0.591942797135938
ENSG00000078967.13	4.00326585065795	6	0.676234431457432	0.999999999795678
ENSG00000128510.12	2.21176046573828	3	0.529635642591155	0.954784039576318
ENSG00000105793.16	4.25231226477627	9	0.894034981213107	0.999999999795678
ENSG00000105829.13	3.32418069621053	3	0.34429129709231	0.807155444436577
ENSG00000105835.12	8.46531017434973	3	0.0373130733100022	0.224570961636368
ENSG00000105854.13	14.7540981576021	6	0.0222579660246172	0.158285377685589
ENSG00000105856.14	11.8781509982909	9	0.220266077251168	0.644423344740246
ENSG00000105866.15	6.93294597804834	6	0.327092892984775	0.789679000425125
ENSG00000105879.12		9	1	
ENSG00000105926.15	13.8298150666596	15	0.538473610475427	0.960356303554987
ENSG00000105953.15	1.81793254293734	3	0.611040410326595	0.999999999795678
ENSG00000105968.19	38.215747993323	9	1.59442660942166e-05	0.000673230027217783
ENSG00000105971.15	13.5498750015686	6	0.035089038528495	0.215179149281777
ENSG00000106003.13	2.23448810928494	3	0.52518727361431	0.953075047686057
ENSG00000106025.9	3.79035398562519	6	0.705022259194525	0.999999999795678
ENSG00000106077.18	0.556912045012723	3	0.906221529092955	0.999999999795678
ENSG00000106080.11	24.3677903477001	9	0.00375619209316571	0.0490361502404096
ENSG00000106089.12	18.5852777533937	9	0.0289594220515212	0.189647464251942
ENSG00000106100.11	11.3216814181196	9	0.254302095438953	0.70362699239713
ENSG00000106245.11	6.41130169777898	6	0.378725644774623	0.844898760493892
ENSG00000106266.11	19.2665225700039	9	0.0230197020905548	0.161297082841943
ENSG00000106327.13	2.65619461735241	6	0.850593790731718	0.999999999795678
ENSG00000106330.12	0.763167618890293	3	0.858255017327251	0.999999999795678
ENSG00000106344.8	5.7345735153649	9	0.766161248719699	0.999999999795678
ENSG00000106355.10	0.642707445978886	3	0.886589584179629	0.999999999795678
ENSG00000106392.11	6.96626462699896	3	0.0729808421087081	0.340967048314625
ENSG00000106397.12	5.51370361846057	3	0.137821282836703	0.498579714394089
ENSG00000106399.11	0.24823044706136	3	0.9694514889854	0.999999999795678
ENSG00000106415.13	24.4947259514793	9	0.00358401723669326	0.047554218883588
ENSG00000106459.15	6.93840568552878	6	0.326581017776849	0.789101988280074
ENSG00000106477.20	33.2054996294455	18	0.0157596910820382	0.123562684334704
ENSG00000106479.11	4.98257630376884	6	0.546049779926598	0.964043407921519
ENSG00000106538.10	1.98446693282494	6	0.921121615078968	0.999999999795678
ENSG00000241127.8	13.6294985029235	6	0.0340600980879527	0.210775602420416
ENSG00000106588.11	1.61591791675892	3	0.655785949013905	0.999999999795678
ENSG00000106628.10	0.515554700279608	3	0.915461061423719	0.999999999795678
ENSG00000106665.16	0.524892503466617	3	0.913389574919182	0.999999999795678
ENSG00000095303.17	13.870874896209	6	0.0311122964175515	0.198235963635733
ENSG00000229809.8	11.6848725531299	6	0.069379642994175	0.331639602449161
ENSG00000086065.14	0.545844680265873	3	0.908710074560503	0.999999999795678
ENSG00000106692.15	11.8468491403372	3	0.00792663456663002	0.0796297725299499
ENSG00000106804.8	1.6755381459152	3	0.642385849050026	0.999999999795678
ENSG00000106948.17	1.66849563848666	3	0.643960497937655	0.999999999795678
ENSG00000106992.19	7.37490854400676	9	0.598147543995243	0.998115578458708
ENSG00000107021.16	7.12390914964635	3	0.0680514974023472	0.328584567862316
ENSG00000107290.14	7.01473045037892	6	0.319487084126358	0.780615367996499
ENSG00000107669.17	18.7237413382682	12	0.0954170665159939	0.398735133116063
ENSG00000107796.13	1.67373822992317	3	0.642788083928702	0.999999999795678
ENSG00000107819.13	7.70519698009412	6	0.260506617780518	0.710911540056852
ENSG00000107872.12	1.96754369766859	3	0.579170385741085	0.986028393065447
ENSG00000107960.11	0.598421741687162	3	0.896793584325783	0.999999999795678
ENSG00000108176.15	0.770160583517281	3	0.856590094013696	0.999999999795678
ENSG00000108179.14	8.53498179232702	3	0.0361571942530431	0.220064845202268
ENSG00000013306.16	1.08061256588553	3	0.781756228061102	0.999999999795678
ENSG00000083454.22	7.1321998636522	12	0.84875492397574	0.999999999795678
ENSG00000108256.9	17.4864691023322	3	0.000561231243456161	0.0117568519139512
ENSG00000108298.11	0.902081969194114	3	0.824925353054012	0.999999999795678
ENSG00000213246.7	2.09461980260676	9	0.989881328317862	0.999999999795678
ENSG00000108433.17	12.7092879654156	9	0.176207874504145	0.572777860794597
ENSG00000108439.11	0.441536105362502	3	0.931534559739861	0.999999999795678
ENSG00000175106.16	17.6403955892883	6	0.00719660205755133	0.0745893996514319
ENSG00000108443.14		6	1	
ENSG00000108468.15	0.390914752584649	3	0.942112833641456	0.999999999795678
ENSG00000108474.17	22.8395928049649	9	0.00656679738119792	0.0704193470494332
ENSG00000108479.12	2.07771736583891	3	0.556433828920129	0.96913208635949
ENSG00000108511.10	5.95434480046151	6	0.428323825646745	0.888769197470735
ENSG00000108518.8	0.611881327815354	3	0.893707109578616	0.999999999795678
ENSG00000108528.14	1.83491624622548	3	0.607366405047101	0.999999999795678
ENSG00000108559.12	2.00846251404437	9	0.991333074760533	0.999999999795678
ENSG00000108587.16	27.6359490741379	12	0.00625160217926255	0.0681206167570988
ENSG00000108588.14	3.06537475697405	6	0.800598029191436	0.999999999795678
ENSG00000108590.11	1.38584014935987	6	0.966714116345432	0.999999999795678
ENSG00000108591.10	2.46242894016541	3	0.482119295231187	0.926717119677157
ENSG00000108599.15	1.65418022417907	3	0.647168151855126	0.999999999795678
ENSG00000108602.18	0.455536476050838	6	0.998338244339819	0.999999999795678
ENSG00000108604.16	3.00639723115091	6	0.808043482506969	0.999999999795678
ENSG00000108639.7	9.13921138229489	6	0.165898966231171	0.555531978205742
ENSG00000108654.15	5.39662220235914	9	0.798454583704202	0.999999999795678
ENSG00000108666.10	3.13878093848325	9	0.958537434627296	0.999999999795678
ENSG00000108733.11		3	1	
ENSG00000108773.11	0.574477324371401	3	0.902249529137612	0.999999999795678
ENSG00000108784.10	4.80951572451522	3	0.186288656985773	0.590933264471912
ENSG00000108786.11	14.7946113874218	6	0.0219157603296026	0.156263033414326
ENSG00000108821.14	0.553384025628475	3	0.907016033368389	0.999999999795678
ENSG00000108840.15	23.7999532852264	9	0.00462904028001677	0.0556789755936142
ENSG00000108861.9	2.79801207270066	3	0.42382726984469	0.885558679544047
ENSG00000108961.14	9.89259412257525	9	0.359250174252229	0.82594152105665
ENSG00000002549.12	5.3909752315667	3	0.145306888107235	0.513550980159546
ENSG00000077684.16	8.99131239415419	6	0.174067245592513	0.56970656439988
ENSG00000018189.13	47.7021352066972	9	2.90313868800984e-07	2.30432093157992e-05
ENSG00000109270.13	1.43237110114933	6	0.963859686965493	0.999999999795678
ENSG00000109320.13	9.87695782326773	6	0.129930142329947	0.481418493541536
ENSG00000109466.14	0.233644270222158	3	0.971983473929186	0.999999999795678
ENSG00000109501.14	29.4551421494361	6	4.988186371385e-05	0.00163061398842009
ENSG00000109534.17	17.2542675241857	6	0.00839282563711603	0.0829763871220728
ENSG00000064199.7		3	1	
ENSG00000085117.12	12.963999982825	6	0.0436112053167729	0.249757254635398
ENSG00000134333.14	6.83522859890945	6	0.336354456145032	0.798017898903837
ENSG00000109846.9	7.66807441407764	3	0.0533935861822205	0.282546868915967
ENSG00000109861.16	1.12482951811398	3	0.771083771475431	0.999999999795678
ENSG00000109917.11	2.74486561173762	6	0.840119703178457	0.999999999795678
ENSG00000110060.9	2.35259768314427	6	0.884585867429872	0.999999999795678
ENSG00000110080.19	6.85963052372608	6	0.334023904033753	0.795748395533834
ENSG00000168066.20	4.6121795443978	6	0.594424556848272	0.995586581891105
ENSG00000110108.10	1.35218918748433	3	0.71677909891913	0.999999999795678
ENSG00000110200.8	3.95024801944965	6	0.683409265186224	0.999999999795678
ENSG00000110330.8	9.65881830392937	3	0.0217004626201951	0.155411351998164
ENSG00000110435.12	4.01038557021093	6	0.675270885251248	0.999999999795678
ENSG00000062282.15	0.674539021290912	3	0.879175652186867	0.999999999795678
ENSG00000110696.10	8.38955537472793	9	0.495414373941858	0.936545868418111
ENSG00000060138.13	5.02967062167591	6	0.540013311334308	0.960881799258422
ENSG00000075856.12	17.5128068199992	6	0.00757234760061326	0.0778061115312696
ENSG00000090612.22	2.917695768778	3	0.404489718073995	0.869314036265377
ENSG00000089157.16	1.13087843218818	3	0.769625617851925	0.999999999795678
ENSG00000089159.16	2.41138399282499	6	0.878250397690053	0.999999999795678
ENSG00000002016.18	36.8644118492257	9	2.78255483653037e-05	0.0010443598175811
ENSG00000110841.14	16.729945281324	9	0.0531168268655105	0.281265914695424
ENSG00000110881.12	8.71671171852358	6	0.190147956395519	0.59881385941062
ENSG00000110906.13	1.14792083444809	6	0.979378896648434	0.999999999795678
ENSG00000110917.8	2.66681428442098	3	0.445896349195702	0.901774786239736
ENSG00000110921.14	6.45923952381781	12	0.891187814100405	0.999999999795678
ENSG00000110925.7	0.0344629706451087	3	0.998315922118082	0.999999999795678
ENSG00000111012.10	5.40333673237592	3	0.144535830842751	0.512171299539401
ENSG00000111087.10	14.2784926971681	3	0.00254957213263847	0.0375332775718485
ENSG00000111203.13	3.05959894478292	3	0.38252716031882	0.848931751630079
ENSG00000111215.12	9.54788167752395	3	0.0228273977576355	0.160365436413475
ENSG00000111247.14	5.33239345669426	9	0.804423690938657	0.999999999795678
ENSG00000111266.9	6.80173833371737	9	0.657752572400567	0.999999999795678
ENSG00000111325.16	4.59174465993056	9	0.86834745798565	0.999999999795678
ENSG00000111331.13	2.56198700660161	6	0.861466849952727	0.999999999795678
ENSG00000111358.14	11.3239189136202	9	0.254157682345365	0.703467507946014
ENSG00000111581.10	5.1285323909251	12	0.953547415699199	0.999999999795678
ENSG00000111596.13	7.20729348806526	9	0.615546931384814	0.999999999795678
ENSG00000111602.12	10.8991242334232	6	0.0915446035264571	0.390081705316934
ENSG00000111615.14	28.28994380308	12	0.00501622495940998	0.0587666701530878
ENSG00000111639.8	12.4003496682271	6	0.0536107382953216	0.283510929784848
ENSG00000111652.10	8.12771328951931	9	0.521328879166284	0.950985646027984
ENSG00000111665.11	16.4502937468205	9	0.0580532548750974	0.298249516649185
ENSG00000111667.13	3.35046373061778	6	0.763746709749595	0.999999999795678
ENSG00000111674.9	1.00725880709069	3	0.799495545774605	0.999999999795678
ENSG00000111678.11	208.040975230513	6	3.68157509636259e-42	9.94884310207051e-39
ENSG00000111711.10	12.8696415160775	6	0.0451533937227698	0.254266410571828
ENSG00000111725.11	3.13354643765888	6	0.791908400742553	0.999999999795678
ENSG00000111727.12	4.30322801500415	6	0.635714601615	0.999999999795678
ENSG00000111790.14	2.38737500508796	6	0.880853136891487	0.999999999795678
ENSG00000065029.15	26.4230737836206	6	0.000185651959783658	0.00473295735209471
ENSG00000010810.17	4.46717281040037	6	0.613722196723529	0.999999999795678
ENSG00000111850.11	0.479367500694025	3	0.923400329306639	0.999999999795678
ENSG00000112029.10	2.30745965924143	3	0.511093340841004	0.946331033941777
ENSG00000112062.11	1.03897351331398	3	0.791822678472799	0.999999999795678
ENSG00000112118.20	2.84089745744132	6	0.828534629281561	0.999999999795678
ENSG00000112130.17	4.30344968934514	6	0.63568476508084	0.999999999795678
ENSG00000112186.12	2.37345625530725	6	0.882352422296474	0.999999999795678
ENSG00000112234.9	3.38227516277402	3	0.336354651604097	0.798017898903837
ENSG00000112304.11	1.18492413098284	3	0.756622352294662	0.999999999795678
ENSG00000112312.10	0.794511122454424	3	0.850779445175055	0.999999999795678
ENSG00000112561.18		6	1	
ENSG00000112592.14	1.781311993891	6	0.938672848460365	0.999999999795678
ENSG00000112651.12	13.2235958038364	9	0.152747048942185	0.527904845261392
ENSG00000112655.16		9	1	
ENSG00000112667.13	3.58524010539986	3	0.309873876541542	0.773444432611539
ENSG00000112715.24	1.18693591283954	21	0.999999999795678	0.999999999795678
ENSG00000112812.16	4.85575090020802	9	0.846697102571363	0.999999999795678
ENSG00000039123.16	17.8506046053226	6	0.00661659095151124	0.0706728627719389
ENSG00000112855.17	3.95402502107027	3	0.266471583600657	0.719136194490855
ENSG00000112874.10	3.07904132897238	6	0.79886295234148	0.999999999795678
ENSG00000112941.14	3.9098310120753	3	0.271366809006381	0.725700763043109
ENSG00000112983.18	23.2602266853501	9	0.00563759584634137	0.0631270573567534
ENSG00000112996.11	12.5959724209824	3	0.00559702912694666	0.0629335854814932
ENSG00000113083.14	11.5593943614508	9	0.239302965246168	0.677931083961579
ENSG00000113140.11	11.8170377664121	3	0.00803692796961966	0.0802959888315044
ENSG00000113272.14	6.63732683087255	6	0.355692098739888	0.820904736207974
ENSG00000113312.11	0.679891906605917	3	0.877923072303807	0.999999999795678
ENSG00000113441.16	122.309113837086	6	5.33263360494745e-24	3.93015096684627e-21
ENSG00000113569.16	32.4357043096024	6	1.34606722719762e-05	0.000589868487075194
ENSG00000113575.10	1.69514252030058	6	0.945495658085459	0.999999999795678
ENSG00000113597.18	10.6372400533901	6	0.100256128267773	0.41067522036308
ENSG00000076242.16	0.282700619136449	3	0.963248500230678	0.999999999795678
ENSG00000113851.14	7.42375350285511	6	0.283428661193891	0.739427948539372
ENSG00000113916.18	16.8362206768779	6	0.00990438386517003	0.0921869575142749
ENSG00000114023.15	0.32791257914505	3	0.954696172905266	0.999999999795678
ENSG00000114268.12	3.80117155449398	3	0.283749888726531	0.739427948539372
ENSG00000114346.13	2.93431369372411	3	0.401863983842576	0.868544739272665
ENSG00000114383.10	4.09761667587736	3	0.251114392968027	0.697664285055447
ENSG00000114388.14	2.50958386640377	6	0.867393539947324	0.999999999795678
ENSG00000114395.11	5.82658303195058	6	0.44289426083793	0.900556642865592
ENSG00000114491.14	35.1258721790073	12	0.000447172826509543	0.00990500028555428
ENSG00000114626.18	6.46547106016669	6	0.373113752618757	0.839941814353897
ENSG00000114648.12	6.58223433704188	3	0.0864751947374259	0.376440862069809
ENSG00000114735.10	16.3547091420624	3	0.000959054080953852	0.0179148650559744
ENSG00000114853.14	6.2941695160489	3	0.0981431424600113	0.405115303423275
ENSG00000114857.18	1.05870198201046	3	0.787051758004116	0.999999999795678
ENSG00000114904.13	5.22294132140542	9	0.814456895877825	0.999999999795678
ENSG00000011638.10	4.5321838099253	9	0.873036553306175	0.999999999795678
ENSG00000085449.15	0.559276201995999	3	0.90568849945718	0.999999999795678
ENSG00000055332.18	23.3967853242393	9	0.00536409250612175	0.061335258035443
ENSG00000071626.17	3.93857747950824	6	0.684988392014625	0.999999999795678
ENSG00000079785.15	5.78571871720487	3	0.122513837707333	0.468939704134617
ENSG00000079150.18	10.1538981145095	9	0.338170640440008	0.799571290699625
ENSG00000014641.21	0.335587193549145	3	0.953202244833262	0.999999999795678
ENSG00000084764.12	2.69395935003558	6	0.846160279783656	0.999999999795678
ENSG00000095002.15	0.316303040453931	3	0.956933717917794	0.999999999795678
ENSG00000071051.14		6	1	
ENSG00000023228.14	16.3438782786398	9	0.0600386230654486	0.304970624806762
ENSG00000114993.17	8.42905561780026	6	0.208323824744168	0.626734327661205
ENSG00000114999.8	0.244759555532255	3	0.970059243469034	0.999999999795678
ENSG00000115042.10	13.8733091431241	9	0.126903774036057	0.475859803936317
ENSG00000115163.15	4.33851773447532	6	0.630967776897438	0.999999999795678
ENSG00000115216.14	0.751939297028002	3	0.860924511572833	0.999999999795678
ENSG00000115234.11	4.55435119490721	3	0.207493218530847	0.625333651535157
ENSG00000115282.21	21.5234986855921	9	0.0105182512150153	0.0963519351413889
ENSG00000115289.14	29.8974509532418	9	0.000456698914501994	0.0100337617882593
ENSG00000115325.13		9	1	
ENSG00000115350.12	12.9135199071607	6	0.0444299985654921	0.252236693536726
ENSG00000115363.14	25.8616747213137	3	1.01950494155478e-05	0.000472292946353405
ENSG00000115365.12	1.53816577120597	3	0.673490113441995	0.999999999795678
ENSG00000115392.12	2.08657433333065	3	0.554633638708555	0.967819968976312
ENSG00000115486.12	3.77433536450553	9	0.925627541523498	0.999999999795678
ENSG00000115540.15	1.61558805291861	3	0.655860521042427	0.999999999795678
ENSG00000115685.15	2.27388395984599	6	0.892865885902493	0.999999999795678
ENSG00000115687.14	11.0049523745788	6	0.0882234937718823	0.382270370929262
ENSG00000115738.10	3.11529766233798	3	0.374187896776927	0.840548982867983
ENSG00000115762.16	3.50783834105459	6	0.742926547766653	0.999999999795678
ENSG00000115816.15	2.05341677387332	3	0.561394196245473	0.972275742141006
ENSG00000115825.11	1.9033786403088	6	0.928366792584604	0.999999999795678
ENSG00000115844.11	1.73255746638733	3	0.629719948025168	0.999999999795678
ENSG00000115942.9	6.25770819610261	3	0.099723600398568	0.409346444775287
ENSG00000115944.15	0.812823333995766	3	0.846397466460945	0.999999999795678
ENSG00000116062.17	3.82555545659125	3	0.280927563192654	0.737764740784854
ENSG00000116095.11	5.01598945981459	6	0.541763988414257	0.962358572534126
ENSG00000097046.13	1.00605908219768	3	0.799785840863765	0.999999999795678
ENSG00000031698.13	2.02842639491428	3	0.566527712652375	0.976561197245107
ENSG00000116128.11	5.93860782239699	3	0.114635591177515	0.449418478669291
ENSG00000116205.14	5.59776199440717	3	0.132906898616852	0.487624439071428
ENSG00000116209.12	2.43861643614946	12	0.998375448303445	0.999999999795678
ENSG00000116251.11	0.547684631426819	3	0.908297133518525	0.999999999795678
ENSG00000116514.16	1.03199808498584	6	0.984370174242048	0.999999999795678
ENSG00000231607.12	29.8391573208091	12	0.00295235300290541	0.0416981285619411
ENSG00000116667.15	3.02081661867078	6	0.806229626179185	0.999999999795678
ENSG00000116688.18	0.93609137871681	3	0.816710535784955	0.999999999795678
ENSG00000116691.11	13.3635249781328	6	0.0376129375410407	0.225538524145871
ENSG00000116731.22	0.920254813798692	6	0.988455420837342	0.999999999795678
ENSG00000116874.12	2.6161102234928	3	0.454672214135022	0.908852301360617
ENSG00000116885.18	0.505778790971817	3	0.917620014607567	0.999999999795678
ENSG00000117139.18	2.56894641030794	6	0.860673069136781	0.999999999795678
ENSG00000117280.13	0.303519375676842	3	0.95936522750917	0.999999999795678
ENSG00000117362.13	0.839002831155085	3	0.840117102127564	0.999999999795678
ENSG00000117385.16	22.4003083759744	6	0.00102433853896948	0.0187880374104652
ENSG00000117479.15	2.65178414874754	3	0.448483353734213	0.903268399671183
ENSG00000117533.15	12.7449406866017	9	0.174491108263356	0.570073127998666
ENSG00000117614.10	4.07970766469225	3	0.252984778922337	0.70165843404837
ENSG00000117682.17	27.7564707200108	12	0.0060040452472024	0.0657767497554998
ENSG00000117751.18	2.49217534202035	3	0.476706834112787	0.92478159946216
ENSG00000117984.14	11.0466703934362	3	0.0114761694533498	0.101458348700443
ENSG00000118007.13	8.06434679868517	3	0.0447004027550021	0.253239807920896
ENSG00000138363.15	1.76081952772802	3	0.623497929008146	0.999999999795678
ENSG00000118246.14	9.33662352636384	6	0.155512832814349	0.534439396195815
ENSG00000118276.11	1.71528877832725	3	0.633540116691327	0.999999999795678
ENSG00000083097.14	0.673423829107264	3	0.879436405908739	0.999999999795678
ENSG00000118412.13	22.2694738781274	9	0.00806306259153025	0.0803044199688702
ENSG00000028839.10	3.19668964330413	6	0.783786144853583	0.999999999795678
ENSG00000189007.16	2.83389582492418	6	0.829387309908063	0.999999999795678
ENSG00000118503.15	10.3969855248452	9	0.319312760322285	0.780424645141021
ENSG00000118515.11	3.20010725752218	3	0.361789573756238	0.827514591791538
ENSG00000118579.13	6.10550972885176	6	0.411475292124055	0.875086619425424
ENSG00000118762.8		3	1	
ENSG00000118777.12	0.827626101237797	3	0.842848458538505	0.999999999795678
ENSG00000118873.16	3.29739137768047	3	0.3480058814476	0.811492584320956
ENSG00000118961.15	30.0294330489232	15	0.011815804858052	0.103619002190797
ENSG00000173221.14	3.80747443852306	3	0.283017924419689	0.739421950780025
ENSG00000107372.13	1.59399475924147	6	0.953008163692986	0.999999999795678
ENSG00000119125.17	16.5720818316331	3	0.000865388328043083	0.0165729815548624
ENSG00000119185.13	4.83918250231363	9	0.848095686998745	0.999999999795678
ENSG00000111364.16	15.0851645425064	3	0.00174529745989224	0.0281294761577463
ENSG00000119242.8	0.219156052055041	3	0.974439173689452	0.999999999795678
ENSG00000116977.19	98.9518949709964	21	4.42020277151083e-12	1.19448612895461e-09
ENSG00000119321.9		6	1	
ENSG00000119397.16	2.85272991561283	3	0.414893031813823	0.877656208544699
ENSG00000119431.9	9.05550934382336	6	0.170480248305741	0.564114281697679
ENSG00000119523.10	3.22271625116264	6	0.780419115249235	0.999999999795678
ENSG00000063761.16	0.531962734852641	3	0.91181527161095	0.999999999795678
ENSG00000119630.14	2.58484611334893	3	0.460152414681497	0.912106879388296
ENSG00000119638.13	6.86715126731724	9	0.650948653760968	0.999999999795678
ENSG00000119640.9	3.19190166684712	6	0.784404374293359	0.999999999795678
ENSG00000119650.12	1.02454715710337	3	0.795312558144558	0.999999999795678
ENSG00000119655.11	0.980022940784693	3	0.806085658013602	0.999999999795678
ENSG00000119673.14	2.80536314151323	3	0.422617809277275	0.885026340343187
ENSG00000115421.13	3.11165688868164	6	0.794707923878117	0.999999999795678
ENSG00000115129.14	15.7607742150176	12	0.202440366762461	0.617077784515337
ENSG00000119729.12	2.65329075803129	3	0.448223487245102	0.90326686669993
ENSG00000119778.15	3.107765928974	3	0.375306385590507	0.842128111813518
ENSG00000119812.19	6.65350389440573	3	0.0838013468074157	0.369829895790811
ENSG00000119820.11	15.118033268307	6	0.019358282400451	0.144111657870024
ENSG00000119844.15	4.29424269616084	6	0.636924186218662	0.999999999795678
ENSG00000119862.13	3.53321417035568	3	0.316479835282061	0.778665257854831
ENSG00000119878.6	0.809119022271261	3	0.847284663252663	0.999999999795678
ENSG00000138111.14	4.52243421745266	3	0.210297914292922	0.629895230435583
ENSG00000119906.13	8.47583667907475	3	0.0371361482350171	0.223838478618055
ENSG00000119950.21	28.4826708353339	9	0.000791865509181165	0.0156959747748941
ENSG00000119969.15	10.916591496567	12	0.536080046533295	0.960356303554987
ENSG00000120137.7	19.8755204444433	6	0.00291425440173141	0.0413039518091548
ENSG00000120149.9	0.855951442438709	3	0.836042574361534	0.999999999795678
ENSG00000120318.16	3.59208194814073	6	0.731681015670955	0.999999999795678
ENSG00000120458.13	33.2508178679045	15	0.00433283476991996	0.0537866105152274
ENSG00000120509.10	1.97694901902287	3	0.577204780405598	0.985136664157512
ENSG00000120526.11	2.54662032470696	6	0.863214056347173	0.999999999795678
ENSG00000120647.10	19.427558473486	9	0.0217931632739566	0.15593748866899
ENSG00000120662.16	14.2712504148039	12	0.283723201637489	0.739427948539372
ENSG00000242715.8	2.64346907932071	3	0.449919767412694	0.904189279726006
ENSG00000120686.12	6.43577886643107	3	0.0922299269663952	0.391470166448464
ENSG00000120690.16	0.799333309424583	3	0.849626490344838	0.999999999795678
ENSG00000070087.14	11.7718967001711	9	0.226476289576715	0.655598405856502
ENSG00000120742.11	11.4969046600017	6	0.0741805877179048	0.343254580267725
ENSG00000120832.10	2.24994300074468	6	0.895336487653286	0.999999999795678
ENSG00000120837.8	5.13265858367595	6	0.526914875439284	0.953930079318061
ENSG00000120860.11	7.33661572140773	6	0.290835559824877	0.748502619375075
ENSG00000104290.11	1.82362045178593	3	0.609808399960702	0.999999999795678
ENSG00000120896.13	13.4115355007234	9	0.144851597688749	0.512799957407287
ENSG00000120910.15	1.39296296256543	6	0.966285091662495	0.999999999795678
ENSG00000120925.16	28.0707763032624	12	0.00540165463810365	0.0616777664100089
ENSG00000120948.18	20.7763138957962	12	0.0537535095631388	0.283594593193106
ENSG00000121039.10	3.36183785329195	6	0.762251501868833	0.999999999795678
ENSG00000108848.16	46.5387987327413	9	4.78232901177614e-07	3.52457648167901e-05
ENSG00000108813.11	2.48653749539153	6	0.869971281293178	0.999999999795678
ENSG00000121073.15	2.56290155774332	6	0.86136262560978	0.999999999795678
ENSG00000121152.10	6.86184504572884	9	0.651500769401936	0.999999999795678
ENSG00000121210.16	10.5922539360281	6	0.101825832052571	0.415242465015187
ENSG00000121211.8	0.541184925430571	3	0.909754447201493	0.999999999795678
ENSG00000121350.16	9.16074095141266	3	0.0272283544734035	0.18258086825135
ENSG00000121417.14	22.3669083787881	9	0.00778609726548222	0.078935887096123
ENSG00000114354.15	0.368665102316299	3	0.946636697808719	0.999999999795678
ENSG00000121579.13	2.3189186843083	6	0.888157662916431	0.999999999795678
ENSG00000007372.23	6.6692860402934	6	0.352516659099347	0.816529301519545
ENSG00000121680.16	4.70530801776476	3	0.194692205671816	0.605067633518655
ENSG00000121690.11	4.46362702670376	3	0.215557710179846	0.638086441960513
ENSG00000213366.13	0.251659820894929	3	0.968847858564881	0.999999999795678
ENSG00000121989.15	3.27731891036694	3	0.350811926135959	0.814956465028706
ENSG00000122008.15	8.3636660956181	6	0.212652219735742	0.634146499714015
ENSG00000122035.7	11.3342326780839	6	0.0785797684186562	0.356010241674117
ENSG00000122068.13	3.37663704359329	6	0.760303632039482	0.999999999795678
ENSG00000122085.17	16.7719615755341	9	0.052409116007425	0.278610297358816
ENSG00000122140.11	2.29119502606045	3	0.514209804605484	0.947675515712402
ENSG00000122218.16	21.3017395105562	9	0.0113759789777428	0.101219954764491
ENSG00000122507.21	9.71943746915895	12	0.640559072606571	0.999999999795678
ENSG00000122547.11		3	1	
ENSG00000122678.17	3.16551318259008	9	0.957369552376634	0.999999999795678
ENSG00000122687.19	8.53009504654983	9	0.481729460809165	0.926717119677157
ENSG00000122696.14	4.51292961916261	6	0.607615132942341	0.999999999795678
ENSG00000122741.16	13.0975646465295	9	0.158241035241001	0.541291169915104
ENSG00000105939.13	3.06097544306158	3	0.382319174409965	0.848931751630079
ENSG00000122877.16	39.4682154656848	6	5.7934285289033e-07	4.15640044989549e-05
ENSG00000138286.15	10.164094174881	9	0.33736501541654	0.799183584645323
ENSG00000076248.11	1.32695921549748	3	0.722741516037918	0.999999999795678
ENSG00000122970.16	0.880867634441529	3	0.830042261330684	0.999999999795678
ENSG00000122971.9	0.403998252577367	3	0.939415316582341	0.999999999795678
ENSG00000123091.5	6.45288514554704	3	0.0915392316049901	0.390081705316934
ENSG00000104915.15	1.75757878461445	6	0.940590095903125	0.999999999795678
ENSG00000123143.13	27.4421708143054	3	4.75550978462798e-06	0.000247952289182208
ENSG00000123146.20	2.79850872322277	6	0.833677904036782	0.999999999795678
ENSG00000114796.16	18.5603542232789	9	0.0292017300196759	0.190091982602052
ENSG00000123179.14	2.1178866486589	3	0.548302656775884	0.96506505394748
ENSG00000123191.16	1.77296874812373	3	0.620834830371794	0.999999999795678
ENSG00000123200.16	6.33109853581209	9	0.706377472890409	0.999999999795678
ENSG00000123219.13	12.5144856418956	9	0.185833469383136	0.590933264471912
ENSG00000123349.14	1.68592932354659	3	0.640066546880268	0.999999999795678
ENSG00000123353.10	0.22310140960326	3	0.973776500318189	0.999999999795678
ENSG00000123358.20	149.272723604692	9	1.2476400059378e-27	1.12384639201531e-24
ENSG00000123384.14	4.90388620319936	3	0.178971882319367	0.576679272640344
ENSG00000123388.4	1.51445559749391	3	0.678938027387111	0.999999999795678
ENSG00000197757.8	0.439976033580933	3	0.931866030128867	0.999999999795678
ENSG00000123415.15	2.4012282854892	3	0.493406018709497	0.935901402357953
ENSG00000117616.18	26.0059448981774	15	0.037960236280287	0.226949583719975
ENSG00000123595.8	3.07798866707162	3	0.379756461283748	0.845792755941579
ENSG00000080345.18	12.4058642809428	9	0.191383345900467	0.600317486007164
ENSG00000123607.15	1.59284057134437	3	0.66101425958233	0.999999999795678
ENSG00000123609.11	6.93516371090345	3	0.0739932897756312	0.343254580267725
ENSG00000123685.9	14.0496720345591	3	0.00283831438455081	0.0405823892690537
ENSG00000123737.13	1.16398560736707	3	0.761654366074775	0.999999999795678
ENSG00000123739.11	43.28606179497	9	1.9100036057487e-06	0.000116424054374472
ENSG00000123810.9	4.01778536111942	3	0.259550025592389	0.710747462313208
ENSG00000123815.12	2.89057966021937	9	0.968475399627017	0.999999999795678
ENSG00000123843.13	7.10340538367382	3	0.068673912977369	0.330409146888742
ENSG00000204604.12	0.381788879103169	3	0.94397825377441	0.999999999795678
ENSG00000214367.8	9.38130266845292	6	0.153242082234565	0.529102879333739
ENSG00000123989.14	2.46266724795714	3	0.482075743527937	0.926717119677157
ENSG00000124074.12	0.709557833749841	3	0.870953580766166	0.999999999795678
ENSG00000080189.15	9.92753280350007	6	0.127737130273916	0.477482266535291
ENSG00000204070.10	1.9591047895301	3	0.580937895448716	0.987143894026984
ENSG00000124140.14	0.5976123944547	3	0.896978742960544	0.999999999795678
ENSG00000124172.10	0.812907750194427	3	0.846377244014007	0.999999999795678
ENSG00000124181.14	6.36988857163306	6	0.383054769574243	0.849405092160391
ENSG00000124193.16	16.9953342970402	6	0.00930040678573642	0.0883920255708853
ENSG00000124209.4		3	1	
ENSG00000124226.11	4.3081943361467	3	0.230050356231314	0.661173824428221
ENSG00000124224.17	7.13598325811108	9	0.622963947236891	0.999999999795678
ENSG00000124357.13	2.49684684952081	6	0.868820386229805	0.999999999795678
ENSG00000124370.11	2.76818209930207	3	0.428764528383811	0.889278816835803
ENSG00000124380.11	0.055641247141466	3	0.996566980909164	0.999999999795678
ENSG00000243137.8	5.27961320040413	9	0.80928428787962	0.999999999795678
ENSG00000151914.20	3.01171615801286	6	0.807374897984444	0.999999999795678
ENSG00000112146.16	9.74143016211747	9	0.371820689242156	0.838250925385473
ENSG00000111801.16	11.084292007019	12	0.521709005084489	0.950985646027984
ENSG00000124574.15	14.436491391122	3	0.00236738834818581	0.0354758176316864
ENSG00000124762.14	23.3703476682349	3	3.38050172518268e-05	0.00122346997705607
ENSG00000124783.14	5.62966282328125	6	0.465925752217339	0.917083470314264
ENSG00000124788.19	7.10064354426868	6	0.311640009017514	0.774456790744255
ENSG00000124795.17	3.40090307782521	3	0.333843908844248	0.795553371252298
ENSG00000188428.20	3.95809497179926	6	0.68234743648073	0.999999999795678
ENSG00000124831.19	7.71313185080362	9	0.563294039686275	0.973279327417962
ENSG00000125037.12	4.37990599416662	6	0.625409001871644	0.999999999795678
ENSG00000125089.17	17.2288572788766	9	0.0452504085106804	0.254266410571828
ENSG00000167216.17	6.47070003041881	12	0.890522809524414	0.999999999795678
ENSG00000063176.16	14.3692654419319	9	0.109782725248164	0.436144939236944
ENSG00000125319.14	4.41657740389019	9	0.881921308828966	0.999999999795678
ENSG00000125347.14	0.552716973718816	3	0.90716612576428	0.999999999795678
ENSG00000100503.25	11.1319217031369	3	0.0110334997957574	0.0992770064863545
ENSG00000125375.16	22.8277034273569	15	0.0878671726250358	0.381337884620538
ENSG00000125445.11	3.24231273081386	3	0.355752676629864	0.820904736207974
ENSG00000125449.7	2.62798375152488	3	0.452604741012777	0.906887154578438
ENSG00000125457.14	12.9626111531197	6	0.0436335417845838	0.249757254635398
ENSG00000125458.7	28.3098694370565	6	8.21400442927073e-05	0.00243010752794176
ENSG00000125459.17	27.5095108987298	9	0.00115145090956559	0.0206522400970093
ENSG00000125505.17	8.29846094649111	6	0.217042561458693	0.639990491476923
ENSG00000115084.15	31.9515803247305	15	0.0065365605124745	0.070187941820703
ENSG00000125629.15	30.8931099911497	12	0.00204529771972965	0.0321965604152393
ENSG00000125652.8	5.02322021136934	3	0.170104721236637	0.564114281697679
ENSG00000125656.11	0.53193641929829	6	0.997427880777722	0.999999999795678
ENSG00000125676.20	41.067207785647	9	4.86300900209339e-06	0.000247952289182208
ENSG00000125691.14	0.297377295326442	3	0.960520983298021	0.999999999795678
ENSG00000266173.7	29.526975892355	15	0.0137462417882807	0.112908593898269
ENSG00000125730.17	21.0733782104326	6	0.00177974297033429	0.0285710421000002
ENSG00000125731.13	2.04031938637308	6	0.915953309244199	0.999999999795678
ENSG00000125746.17	0.137786741339369	3	0.986945845170922	0.999999999795678
ENSG00000125753.14	0.944673613856139	3	0.814635810848657	0.999999999795678
ENSG00000125755.19	5.83173135521429	6	0.44230137381896	0.900034447176282
ENSG00000101224.17	14.5942244289618	6	0.023658736386358	0.164777814333509
ENSG00000125818.18	43.504692831033	9	1.74117394311079e-06	0.000108582285821532
ENSG00000125827.9	0.662557937257589	3	0.881973321818951	0.999999999795678
ENSG00000125843.11	4.35088889988492	6	0.629305243972189	0.999999999795678
ENSG00000125844.16	31.6996777501408	12	0.00153932492486762	0.0256248607102706
ENSG00000125868.16	0.258078752784058	3	0.967709751087196	0.999999999795678
ENSG00000125870.11	0.295858041237807	3	0.960805579500645	0.999999999795678
ENSG00000125898.13	10.7334335757691	3	0.0132581856378197	0.111024426054956
ENSG00000104953.20	3.41397439224238	9	0.945602116125299	0.999999999795678
ENSG00000125912.11	0.367943028788432	3	0.946782115922213	0.999999999795678
ENSG00000131503.21	3.01943111443688	6	0.806404098208988	0.999999999795678
ENSG00000125952.20	1.94707410334377	6	0.924501220634491	0.999999999795678
ENSG00000125962.14	0.9975388466205	6	0.985705447652935	0.999999999795678
ENSG00000125967.17	26.7824898333129	6	0.000159043110598304	0.00419958935447938
ENSG00000125970.12	6.09000474383356	9	0.73087752837149	0.999999999795678
ENSG00000126070.20	12.3237053003409	9	0.195669352399281	0.606478902443368
ENSG00000215790.7	21.3678230274572	6	0.00157526068840972	0.0261495150895081
ENSG00000126214.21	3.72185284359512	3	0.293107742857538	0.751509735650739
ENSG00000126226.22	12.5878792069561	6	0.0500678002504724	0.270419491426102
ENSG00000126243.9	3.09732618219914	3	0.376861455640297	0.842747928062839
ENSG00000126246.10	11.5977330541591	12	0.478502400789552	0.926048928909263
ENSG00000126247.11	6.22486980492249	6	0.398477414693312	0.864820608873331
ENSG00000126261.13	0.931216119752207	6	0.988085851321713	0.999999999795678
ENSG00000126453.9	6.08419775593211	9	0.731462737688377	0.999999999795678
ENSG00000105373.19	28.7558432592778	3	2.52019945096844e-06	0.000148052586586965
ENSG00000068079.8	1.2050548517218	3	0.751792206462695	0.999999999795678
ENSG00000108788.11	10.4302561007607	6	0.107663579544927	0.429964846980653
ENSG00000213918.10	18.9783820788398	15	0.214715174068028	0.637384077689308
ENSG00000126602.11	0.535696833452676	3	0.910981826144953	0.999999999795678
ENSG00000105705.16	5.92302742239554	9	0.747596656380743	0.999999999795678
ENSG00000132581.10	1.53313505624101	3	0.674644160781545	0.999999999795678
ENSG00000126653.18	4.04858734350637	3	0.256265145738368	0.706646781122773
ENSG00000126705.15	9.34762467594282	6	0.154951018232582	0.532960502677788
ENSG00000102100.16	20.1510518196155	12	0.0642819809425356	0.317225733352356
ENSG00000126767.18	1.05780815378967	3	0.787267861669013	0.999999999795678
ENSG00000126775.9	4.20999284883555	3	0.239663314004426	0.677931083961579
ENSG00000126787.13	0.839926331223978	3	0.839895251450728	0.999999999795678
ENSG00000126790.12	7.55839116372226	9	0.57918677781888	0.986028393065447
ENSG00000126822.17	36.9983288115291	15	0.00126622390374206	0.0219813216009355
ENSG00000127022.15	12.1563458041055	9	0.2046381219515	0.620931487230206
ENSG00000127184.13	1.2676557903178	3	0.736827477276741	0.999999999795678
ENSG00000127328.22	26.9826050324964	12	0.00777187376392405	0.078935887096123
ENSG00000127337.7	5.33839736376831	6	0.501199583518963	0.940267705237434
ENSG00000127415.13	5.71536534067582	6	0.455818139185335	0.909196405803618
ENSG00000130803.15	10.9560248360604	6	0.08974508350511	0.384951764314145
ENSG00000127452.9	26.626932341369	12	0.00874099258243491	0.084562323228878
ENSG00000127511.9	1.11199004800073	3	0.774180455277642	0.999999999795678
ENSG00000127527.14	11.5546961378423	9	0.239592724832569	0.677931083961579
ENSG00000127528.6	7.84082983847202	3	0.0494184009245689	0.268162634735931
ENSG00000103145.11	16.506377197773	12	0.169127802776992	0.562395035731367
ENSG00000206053.13	22.6749469305578	6	0.000912986107149193	0.0172934074080806
ENSG00000059145.19	13.6563770708381	12	0.323187403436967	0.784925188634958
ENSG00000127554.13	6.82393109306577	6	0.337437450381268	0.799183584645323
ENSG00000127561.15	2.48615990412509	3	0.477797491911363	0.925851472623595
ENSG00000197562.10	20.2663035847845	6	0.00248269956967886	0.036930595168883
ENSG00000127580.17	4.38678879663712	3	0.222613503380084	0.649093809668771
ENSG00000256223.6	2.82912159639409	6	0.829968027035989	0.999999999795678
ENSG00000103111.15	3.06232357326553	9	0.96177265402005	0.999999999795678
ENSG00000127720.8		3	1	
ENSG00000127774.7	6.30382840591483	3	0.0977285102079355	0.404459953349968
ENSG00000127824.14	24.2161593532655	6	0.000476536553924562	0.0103296305953648
ENSG00000127837.10	7.88118354689505	6	0.246938016998989	0.691272964023067
ENSG00000006576.16	4.49556894438865	3	0.212685868104405	0.634146499714015
ENSG00000127922.9	1.54960824688897	3	0.670868995323091	0.999999999795678
ENSG00000127952.17	21.768629219383	18	0.242419459445492	0.683105511895933
ENSG00000127980.16	1.59788527693763	3	0.659869414013194	0.999999999795678
ENSG00000128159.12	5.81236840771817	9	0.758540498140732	0.999999999795678
ENSG00000100359.21	12.3628057217793	6	0.0543475373631446	0.285359770338739
ENSG00000128274.17	13.3523025105314	6	0.0377702676294908	0.226187703036896
ENSG00000128335.14	11.8189888615525	3	0.00802966336838774	0.0802959888315044
ENSG00000128463.13	4.75713220721809	3	0.190469758369398	0.599129778111322
ENSG00000105819.14	0.78083151683677	3	0.854046172141233	0.999999999795678
ENSG00000105821.15	7.79560365442012	6	0.253463669988425	0.702265882637103
ENSG00000128534.8	2.38871604673113	3	0.495738583519241	0.936545868418111
ENSG00000128578.10	6.26855654163865	6	0.393788465045711	0.86207106614205
ENSG00000128590.5	3.58752956672561	3	0.309586005314605	0.773092872332957
ENSG00000128595.17	7.98092110542348	6	0.239504410255915	0.677931083961579
ENSG00000068903.20	1.33638826853712	3	0.720510989703048	0.999999999795678
ENSG00000128654.14	0.322002601569693	3	0.955838638911519	0.999999999795678
ENSG00000033800.14	13.3693514743918	9	0.146593222110811	0.516484681291761
ENSG00000092531.10	9.81744159493792	3	0.0201834262286007	0.148157752333052
ENSG00000137776.17	6.2541020805802	12	0.902734759526188	0.999999999795678
ENSG00000140264.20	2.32004475942813	3	0.508691743350637	0.944563436404859
ENSG00000128989.11	14.7872913988977	9	0.0969468818601342	0.403352899472671
ENSG00000129003.19	4.05513180436537	3	0.255572101284626	0.705697079079231
ENSG00000114019.14	0.0867267950270616	3	0.993381229887888	0.999999999795678
ENSG00000129071.9	24.8726159482758	6	0.000360503049696649	0.00823267105321333
ENSG00000129083.13	0.208152546532801	3	0.976262590386222	0.999999999795678
ENSG00000129173.13	8.12407701013581	3	0.0435158142181165	0.249620352159713
ENSG00000129195.16	0.998044824402314	3	0.801725052006279	0.999999999795678
ENSG00000167840.13	14.5116407841451	9	0.105253727999765	0.423890696917087
ENSG00000129235.11	0.911336607125122	3	0.822691198713526	0.999999999795678
ENSG00000213339.9	6.02135077385537	6	0.420802608595271	0.883565591266992
ENSG00000129351.17	34.0975777656713	15	0.00329954317614344	0.0451847914341129
ENSG00000129354.12	1.46862426801818	3	0.689530532228648	0.999999999795678
ENSG00000104626.15	1.39272423396415	3	0.707241094153249	0.999999999795678
ENSG00000100890.16	30.1848198095649	15	0.0112722299277203	0.10064313659034
ENSG00000092208.17	8.70808346270496	9	0.464645289227271	0.915847157735347
ENSG00000129473.10	8.09503673058771	6	0.231223053691877	0.662916620467074
ENSG00000129484.13	8.12568030472903	3	0.0434844426042647	0.249620352159713
ENSG00000129521.15	34.3729029844908	9	7.68281990631831e-05	0.00231541341935028
ENSG00000165782.11	3.01653883396284	3	0.389082235813362	0.856708010725622
ENSG00000127314.18	0.379064577413374	3	0.944532486017005	0.999999999795678
ENSG00000138834.14	19.6527108184564	15	0.185663698285336	0.590933264471912
ENSG00000099875.14	5.33747697879517	6	0.501313209624646	0.940267705237434
ENSG00000129911.9	6.18629883447466	3	0.102889918206157	0.418109557342011
ENSG00000129925.11	16.9169344036491	6	0.00959341976404068	0.0904347139849741
ENSG00000129968.16	5.9321456370526	3	0.114958561829115	0.450444205291752
ENSG00000100722.20	9.90479335115378	12	0.624312851045995	0.999999999795678
ENSG00000075188.9	1.41779879150272	3	0.701367950607661	0.999999999795678
ENSG00000104093.14	13.1920005852771	9	0.154109159361424	0.530806656790997
ENSG00000013523.11	16.7517924566291	6	0.010240061107616	0.0943365629539124
ENSG00000020577.14	16.0116925983946	6	0.0136913462678936	0.112686034714532
ENSG00000070729.14	1.39522012518182	6	0.96614853832939	0.999999999795678
ENSG00000102543.14	1.98508566350756	6	0.921065145298201	0.999999999795678
ENSG00000103544.15	20.5804925799357	12	0.0568714203094532	0.294604859072675
ENSG00000116641.18	8.26215475577192	9	0.50795859918915	0.94410855980886
ENSG00000262246.6	10.8212421038133	9	0.288161233580103	0.745888608120655
ENSG00000099814.16	0.37232758936625	3	0.945897730612651	0.999999999795678
ENSG00000092853.14	5.63459597746714	9	0.775858747868798	0.999999999795678
ENSG00000105717.14	0.87772977680379	6	0.989825795507218	0.999999999795678
ENSG00000108406.10	1.20512473242707	3	0.751775453364824	0.999999999795678
ENSG00000104047.15	9.91128481572377	9	0.357714892162234	0.822926966730769
ENSG00000105429.13	16.9028251812006	6	0.00964708967770373	0.0908350244101558
ENSG00000065268.11	3.12314537373459	6	0.793239698725041	0.999999999795678
ENSG00000132207.18	3.07546090649703	3	0.380136290209579	0.846067588723701
ENSG00000108506.12	3.87916697458195	9	0.919183816419016	0.999999999795678
ENSG00000100441.10	11.8006559596988	9	0.224782109825343	0.652689313880393
ENSG00000090661.12	9.3735775613568	9	0.403528384468526	0.869314036265377
ENSG00000037042.9	7.65297271215604	6	0.264645474397904	0.715876163144414
ENSG00000105613.10		3	1	
ENSG00000105520.10	0.540188095057602	3	0.909977596478378	0.999999999795678
ENSG00000109805.10	2.54863020117045	3	0.466566586331884	0.917127101924094
ENSG00000152061.23	2.64487127919824	3	0.44967727931081	0.904036432087946
ENSG00000117868.17	8.04311043027701	3	0.0451290947424851	0.254266410571828
ENSG00000132879.14	5.38635891328522	15	0.988318920339594	0.999999999795678
ENSG00000072756.17	0.903924463669682	3	0.824480643751394	0.999999999795678
ENSG00000085982.13	8.86630880863049	6	0.181237549579678	0.580060329428522
ENSG00000004766.17	6.04098522351342	9	0.735809406227541	0.999999999795678
ENSG00000114520.11	9.49277697119396	3	0.0234083256081216	0.163314368076628
ENSG00000104450.13	17.4198177143458	6	0.0078580903616614	0.0792357444800858
ENSG00000008853.17	0.0601885400237734	3	0.996142897747332	0.999999999795678
ENSG00000132155.12	5.29618830054096	3	0.151349917805194	0.525029432454732
ENSG00000042429.12	39.2671639398686	15	0.000584504969418778	0.0121502097104565
ENSG00000107036.12	7.49808230054987	9	0.585406751192112	0.991058008957581
ENSG00000102098.19		6	1	
ENSG00000101901.12	19.5855368263146	12	0.0753437353332765	0.346068930508143
ENSG00000100065.15	18.8106359236062	12	0.0932019841791686	0.393535669656521
ENSG00000100364.18	13.5966020469277	6	0.034481703278539	0.211775127635694
ENSG00000101452.15	5.75244601454324	3	0.12429545458219	0.472808051712982
ENSG00000100991.12	1.35022040568583	3	0.717243676051576	0.999999999795678
ENSG00000025708.14		9	1	
ENSG00000112659.14		6	1	
ENSG00000106526.10		6	1	
ENSG00000113119.13	29.5023679100268	9	0.000532941903171089	0.0113400525170814
ENSG00000131495.9	0.923698346305173	3	0.819705411943959	0.999999999795678
ENSG00000100227.18	2.84492407127982	3	0.416157908292032	0.87927864543224
ENSG00000243156.9	2.49648957118552	6	0.868860331351495	0.999999999795678
ENSG00000099899.15		12	1	
ENSG00000100056.12	0.420773439378536	3	0.935918535292605	0.999999999795678
ENSG00000137185.13	3.4979111043267	6	0.74424759316738	0.999999999795678
ENSG00000189298.14	2.29635059417342	3	0.513220396758542	0.947675515712402
ENSG00000204516.10	13.8218658914066	9	0.128804393727368	0.479322981414704
ENSG00000133884.10	1.23272502861437	3	0.745166669075424	0.999999999795678
ENSG00000157778.9	1.90834457150777	3	0.591646290096655	0.993676501722309
ENSG00000130052.13	1.78226901943663	3	0.618800976236675	0.999999999795678
ENSG00000130159.14	4.15529575441542	3	0.245175913081452	0.688718339345575
ENSG00000130177.16	48.1266061820425	9	2.41861521631494e-07	1.96077135586652e-05
ENSG00000130202.10	2.41998651433823	3	0.489924983710951	0.93279047509269
ENSG00000130204.13	5.27069644219591	6	0.509592227871538	0.945369380172667
ENSG00000203485.14	23.4870974526421	9	0.00519026893178704	0.0601107288999965
ENSG00000130244.12	1.69424636227996	3	0.638213717836695	0.999999999795678
ENSG00000130305.17	32.8409015316938	9	0.000142342317649512	0.00388541807806259
ENSG00000130304.17	2.9459840972695	3	0.400028563643882	0.866200011748825
ENSG00000130312.6		6	1	
ENSG00000130332.15	1.60149288800312	6	0.952470016200477	0.999999999795678
ENSG00000130402.12	10.5103285855148	12	0.571282232832968	0.979772596060265
ENSG00000130414.12	2.28795097430702	6	0.891403690916165	0.999999999795678
ENSG00000197343.11	47.7450828076871	12	3.46160773677369e-06	0.000193539682220857
ENSG00000130475.14	0.859165079002196	3	0.835269320482805	0.999999999795678
ENSG00000169951.10	1.55937464864587	3	0.668636014523007	0.999999999795678
ENSG00000169955.7	10.0205244509241	6	0.123790347078255	0.471380152072997
ENSG00000130508.11	1.73857436623075	3	0.628392156247461	0.999999999795678
ENSG00000130517.14	2.59359259436064	3	0.458613955301664	0.911940970230706
ENSG00000130520.11	1.31457902572583	3	0.725674088124622	0.999999999795678
ENSG00000130522.6	1.54604247144016	3	0.671685237417668	0.999999999795678
ENSG00000130529.16	5.81960021436498	6	0.44369917515301	0.900843779856112
ENSG00000130558.20	11.0507374723966	9	0.27224717374561	0.72609611083301
ENSG00000105245.9	16.5354424095458	6	0.0111510916399101	0.100077841562491
ENSG00000130638.17	2.92300786619307	3	0.403648812232845	0.869314036265377
ENSG00000130640.13	19.2472690238392	12	0.0827333070368324	0.367083608103398
ENSG00000130675.15	7.43367483569955	6	0.282594687064174	0.739251136104075
ENSG00000130684.14	3.55185738259229	3	0.314098411855909	0.776133244276401
ENSG00000239382.10	0.373063449158508	3	0.945748982181811	0.999999999795678
ENSG00000130695.15	2.5922674661706	9	0.978298242527574	0.999999999795678
ENSG00000130699.18	0.414401001925398	3	0.937251779128963	0.999999999795678
ENSG00000130702.15	17.2307111686096	9	0.0452232826204752	0.254266410571828
ENSG00000130706.13	1.58007008963614	3	0.663917188394995	0.999999999795678
ENSG00000130725.8	0.238527890876867	3	0.971142235709162	0.999999999795678
ENSG00000130726.12	1.51095843326766	9	0.997064654196884	0.999999999795678
ENSG00000130733.11	12.362514371187	9	0.193635270221865	0.603435931585965
ENSG00000130741.11	8.11148046012386	3	0.0437630592427863	0.250071707295079
ENSG00000130749.10	8.16815987777682	9	0.51729274086743	0.950735037454604
ENSG00000130758.8	3.70349560329396	6	0.716727707002422	0.999999999795678
ENSG00000130787.14	2.24949017347717	3	0.522266243806925	0.950985646027984
ENSG00000105364.14	0.44326283094415	3	0.931167298795356	0.999999999795678
ENSG00000130810.20	5.14856239900109	6	0.524905129949046	0.953075047686057
ENSG00000130813.18	1.97613126653596	3	0.577375500451753	0.985185479592045
ENSG00000130818.12	2.89687795499754	6	0.821674042784255	0.999999999795678
ENSG00000130821.17	0.671562211631681	3	0.879871531207078	0.999999999795678
ENSG00000130844.18	13.6831594739269	12	0.321397038736491	0.783375732432276
ENSG00000130856.16	4.79822884218174	6	0.569940136892384	0.97892048512427
ENSG00000130881.14	5.29304620968833	3	0.151554248958783	0.52551338593193
ENSG00000105447.13	1.75374715827638	3	0.625051412231842	0.999999999795678
ENSG00000130935.10	7.45678676784155	3	0.0586792426692711	0.300134145312164
ENSG00000130939.20	3.61002853021819	6	0.729277974326697	0.999999999795678
ENSG00000130958.13	0.377700479855776	3	0.944809534781489	0.999999999795678
ENSG00000131016.17	0.164661933065418	3	0.983081717840967	0.999999999795678
ENSG00000131051.24	61.5290217142319	12	1.18643307416156e-08	1.55135692455286e-06
ENSG00000131069.20	16.4056846491512	6	0.0117344484415764	0.103235224538157
ENSG00000131089.17	42.292622879193	18	0.00100640248380088	0.0185429657640312
ENSG00000131149.19	7.95298360154357	6	0.241568130221988	0.681654309679659
ENSG00000260456.7	5.05554168595609	6	0.53670949744492	0.960356303554987
ENSG00000131187.10	5.11759358160089	9	0.823939163385958	0.999999999795678
ENSG00000131269.19	30.9336161761894	15	0.00896629530802999	0.0863298765584313
ENSG00000131351.15	1.2206681013995	3	0.748051634770745	0.999999999795678
ENSG00000131368.8	30.7585763340903	9	0.000325621389474304	0.00769624666025709
ENSG00000131374.14	13.4927168266604	9	0.141548985045546	0.506415543585277
ENSG00000131375.10	5.04827621766344	6	0.537636426517913	0.960356303554987
ENSG00000131381.12	1.64190977079579	3	0.649924832061443	0.999999999795678
ENSG00000131408.15	8.9589424081787	6	0.175900322161487	0.572240735057453
ENSG00000131470.15	3.88646091317787	6	0.692038075371892	0.999999999795678
ENSG00000131504.17	2.02580238034716	3	0.567068632767782	0.976561197245107
ENSG00000131507.11	2.93897667391866	3	0.401129782802089	0.867720232434215
ENSG00000131508.16	0.340921637456631	3	0.952157119956496	0.999999999795678
ENSG00000131558.15	8.96630027182982	3	0.0297423144962884	0.192843241373048
ENSG00000131626.18	2.31425354759995	3	0.509795806611465	0.945483544653302
ENSG00000059122.17	7.18315989818075	12	0.845275905958073	0.999999999795678
ENSG00000131732.12	16.9566260724932	9	0.0493995557396372	0.268162634735931
ENSG00000131759.18	8.37948456543654	9	0.49640129722246	0.936608174100327
ENSG00000131791.8	3.09222870735675	3	0.377622758593017	0.843822410119512
ENSG00000089280.19	3.67843894928228	6	0.720097463152928	0.999999999795678
ENSG00000131797.12	9.84523071488366	9	0.363159470080356	0.829333471532802
ENSG00000131873.7	13.257998131056	3	0.00411062452588238	0.0519888190816357
ENSG00000131876.17	6.30251443810994	3	0.0977848166480742	0.404459953349968
ENSG00000121281.13	39.2278985702287	9	1.04799422605668e-05	0.000480005039019295
ENSG00000131944.10	2.39448800025912	6	0.880084214684135	0.999999999795678
ENSG00000131966.14	58.4686170319328	18	3.6086930075833e-06	0.000199018191921618
ENSG00000131979.20	5.64670005948938	3	0.130122920060673	0.481566343586113
ENSG00000131981.16	3.72806532702816	3	0.292364943459555	0.750776875713214
ENSG00000196757.8	19.5540616886015	6	0.00332338739742718	0.0453580835537746
ENSG00000132003.9	0.432379838953693	3	0.933475270253234	0.999999999795678
ENSG00000132017.10	6.47589153260924	6	0.372040809166962	0.838513994972633
ENSG00000115884.11	0.701479701056087	3	0.872855853335526	0.999999999795678
ENSG00000132196.15	0.328324263951799	3	0.954616329290364	0.999999999795678
ENSG00000132254.12	0.877771923056571	3	0.830788369810534	0.999999999795678
ENSG00000132275.11	5.7653375149639	9	0.763155167751244	0.999999999795678
ENSG00000132286.12	16.4864984152446	6	0.011367771655644	0.101219954764491
ENSG00000132300.19	12.1889791554277	12	0.430624386260999	0.89077425629329
ENSG00000132305.20	3.18866481215809	6	0.784822108911837	0.999999999795678
ENSG00000132313.15	4.04322165688063	3	0.256834635922509	0.706925341748577
ENSG00000132330.18	8.91939453373198	9	0.444747871954607	0.901774786239736
ENSG00000132359.15	8.93452463227186	9	0.443340009471968	0.900791342553696
ENSG00000132382.15	7.68472974494216	6	0.262122510138104	0.713096372379063
ENSG00000132383.12	15.2786499104477	6	0.018196715217917	0.138517155184651
ENSG00000132406.12	1.42374595249203	3	0.699978109773269	0.999999999795678
ENSG00000132423.12	0.056862706955144	3	0.996454613383835	0.999999999795678
ENSG00000132429.10	32.5197952005929	6	1.2969344362592e-05	0.000574549042336248
ENSG00000132434.9		6	1	
ENSG00000132463.14	7.88483711720619	9	0.545792336432462	0.964043407921519
ENSG00000132475.10	3.26003348187078	9	0.953087197676489	0.999999999795678
ENSG00000132481.7	5.40788169761436	6	0.492659618290859	0.935785452377751
ENSG00000132485.14	23.9795942028286	9	0.00433368884148604	0.0537866105152274
ENSG00000132510.10	0.286026694963766	3	0.962634696458941	0.999999999795678
ENSG00000132563.16	1.22800523844853	3	0.746295630858937	0.999999999795678
ENSG00000132570.15	5.36033199604253	3	0.147235098828622	0.517621399047545
ENSG00000132603.15	0.980972883233335	3	0.805855821898435	0.999999999795678
ENSG00000132604.11	3.68290807324229	6	0.719496692293254	0.999999999795678
ENSG00000132612.16	0.783567922600923	3	0.85339319681463	0.999999999795678
ENSG00000132639.13	7.04320088686927	3	0.0705334862899685	0.334199283081692
ENSG00000132640.15	13.7230509902402	9	0.132523507151968	0.487336709222883
ENSG00000132669.13		3	1	
ENSG00000132740.10	8.90163680544811	6	0.179185988641947	0.576935553322894
ENSG00000132749.11	4.39983718620806	6	0.62273557881875	0.999999999795678
ENSG00000132768.14	10.4383737377939	6	0.107364039478575	0.429403190948598
ENSG00000132823.11	1.35068434213463	3	0.717134189396473	0.999999999795678
ENSG00000132824.14	4.89709141668573	3	0.179489582210191	0.576971468270427
ENSG00000132952.12	3.21713139823441	3	0.359343937320946	0.82594152105665
ENSG00000132953.16	1.71382594301849	3	0.633864359314733	0.999999999795678
ENSG00000133027.18	0.142352931783535	3	0.986310200282942	0.999999999795678
ENSG00000133028.12	6.7707641513698	3	0.0795745427084236	0.35816869607089
ENSG00000133131.15	1.05522114585619	3	0.78789336019802	0.999999999795678
ENSG00000141219.15	7.11040477272218	6	0.310757677520375	0.774091905806734
ENSG00000133195.11	0.827977983861274	6	0.991302428166594	0.999999999795678
ENSG00000133247.14	50.4313735799733	6	3.85203579163443e-09	6.24569083255606e-07
ENSG00000133250.14	6.68543015891919	9	0.669832916319655	0.999999999795678
ENSG00000133275.16	4.7321300939293	3	0.192496068702096	0.602767720729197
ENSG00000176225.14	7.0364779200404	6	0.317486920187171	0.779015272989526
ENSG00000133315.12	1.79991761860583	6	0.937149848020867	0.999999999795678
ENSG00000133393.13	3.95088472707539	6	0.683323109448575	0.999999999795678
ENSG00000133460.19	6.89786730504511	9	0.647752110269853	0.999999999795678
ENSG00000241973.11	1.06170979960552	3	0.786324588242368	0.999999999795678
ENSG00000133606.11	1.97431725135175	3	0.577754330733619	0.985185479592045
ENSG00000133627.18	5.53263667968531	6	0.477520928309651	0.925696357199029
ENSG00000133639.6	0.803084681770997	3	0.848729076780513	0.999999999795678
ENSG00000133687.16	10.6790084521263	3	0.0135944741394719	0.112230551780753
ENSG00000133704.10	0.277138094728798	3	0.964269233096747	0.999999999795678
ENSG00000133731.10	4.70753436249106	6	0.581833029340435	0.987667386273506
ENSG00000133740.11	3.0668507452483	6	0.800410813935759	0.999999999795678
ENSG00000133773.12	0.339849063602742	3	0.952367695966356	0.999999999795678
ENSG00000133816.16		3	1	
ENSG00000133812.16	25.9541964612145	9	0.00207853941745927	0.0324676667771528
ENSG00000133818.14	4.57934409936388	3	0.205321226922874	0.62224326963268
ENSG00000133872.14	2.35917409192189	3	0.501279593435969	0.940267705237434
ENSG00000213463.5	3.38431049070277	3	0.336079519319	0.797832112187154
ENSG00000133997.12	0.436280008347239	3	0.93265001318243	0.999999999795678
ENSG00000134001.14	5.08764722297201	6	0.532621929287335	0.956996006368001
ENSG00000134014.17	12.9279638669395	9	0.165893005007099	0.555531978205742
ENSG00000134030.14	8.23424304758737	9	0.510723565487195	0.946331033941777
ENSG00000134046.12	0.0646440445125336	3	0.995712493486065	0.999999999795678
ENSG00000134049.6	2.38498470086779	3	0.496435836204404	0.936608174100327
ENSG00000134057.15	0.487576636020094	3	0.921612169664578	0.999999999795678
ENSG00000134072.11	2.13333299293299	3	0.545198761448753	0.96399702487787
ENSG00000134086.8	3.25369755964857	6	0.776397336315035	0.999999999795678
ENSG00000134107.5	3.87043172718768	3	0.275799344205752	0.730926866124888
ENSG00000134146.12	37.312097447837	9	2.31482353139036e-05	0.000915428017999105
ENSG00000134152.11	13.0798337379674	9	0.159027021104217	0.543007854942931
ENSG00000116337.19	9.72612787374237	6	0.136669305733839	0.4961836370731
ENSG00000134202.11	1.82997270207852	3	0.608434361611964	0.999999999795678
ENSG00000134243.12	1.5504077764981	3	0.670686045655911	0.999999999795678
ENSG00000134253.10	6.89763094941372	3	0.0752331946042114	0.345953209674612
ENSG00000134262.13	11.1073102932714	3	0.0111595372853697	0.100077841562491
ENSG00000134283.18	28.6101249141211	12	0.00450006351718679	0.054777800200951
ENSG00000134285.11	58.7469631346976	18	3.25624141563622e-06	0.000183321869142798
ENSG00000134287.10	125.668868840497	6	1.04842763157164e-24	8.4996028091513e-22
ENSG00000134291.12	2.19760364395916	6	0.90065746055501	0.999999999795678
ENSG00000134297.6	11.6906708597908	9	0.231314784443858	0.662916620467074
ENSG00000134313.16	0.250771061812884	3	0.969004593735614	0.999999999795678
ENSG00000049759.19	9.47744709044491	9	0.394417766126889	0.862543228343681
ENSG00000134440.12	23.4650231213018	3	3.23023228083521e-05	0.0011849544389471
ENSG00000134444.15	14.6322119785227	9	0.101546634572708	0.414520929748711
ENSG00000134508.12	0.881521227171106	3	0.829884716482549	0.999999999795678
ENSG00000134574.12	1.08406099236163	3	0.780923149979972	0.999999999795678
ENSG00000134575.13	0.175537059316412	3	0.981438349188683	0.999999999795678
ENSG00000134644.16		15	1	
ENSG00000134744.14	12.5749017216876	15	0.635095231831004	0.999999999795678
ENSG00000134748.13	2.36561640998843	6	0.883193770388859	0.999999999795678
ENSG00000134758.14		9	1	
ENSG00000134809.9	0.458425192016875	3	0.927925531556381	0.999999999795678
ENSG00000134824.14	1.74564008443485	6	0.941543668670468	0.999999999795678
ENSG00000174799.11	0.702368714134536	3	0.872646662619175	0.999999999795678
ENSG00000134897.14	6.89454336372546	9	0.648098063813327	0.999999999795678
ENSG00000134982.17	3.37887831453327	6	0.760008401974779	0.999999999795678
ENSG00000134986.14		9	1	
ENSG00000135063.19	3.21857233277842	6	0.780955927793259	0.999999999795678
ENSG00000135083.16	22.8575743298006	9	0.00652423278128803	0.07014848164178
ENSG00000135093.13	2.53384539403851	3	0.469205502923166	0.920054470047963
ENSG00000135111.16	17.052485518494	6	0.00909227551668851	0.086923440582304
ENSG00000135114.12	12.1596348638923	6	0.0585008392060421	0.300134145312164
ENSG00000135119.14		12	1	
ENSG00000135148.12	1.307256978027	3	0.72741056053455	0.999999999795678
ENSG00000135185.12	4.47078773464636	6	0.613239172029511	0.999999999795678
ENSG00000135241.17	22.8307900844957	9	0.00658773153051544	0.0705505145546746
ENSG00000135245.10	1.09608109512919	3	0.778020206147619	0.999999999795678
ENSG00000135249.8	1.93304543500744	3	0.586418996156574	0.991396525909837
ENSG00000005483.21	12.6442399204207	12	0.395420105388967	0.863096489269252
ENSG00000135314.12	4.66772225666591	9	0.862258987282261	0.999999999795678
ENSG00000135315.12	0.831664804011325	3	0.841879192949302	0.999999999795678
ENSG00000135318.12	0.19256047758654	3	0.978781261101317	0.999999999795678
ENSG00000135334.9	8.94597651050208	3	0.0300178485214159	0.193753740416496
ENSG00000135336.15	1.64184138058772	6	0.949522313665638	0.999999999795678
ENSG00000037897.17	2.16440426650115	3	0.538993608138052	0.960356303554987
ENSG00000135406.14	13.7858826208617	9	0.130148249512418	0.481566343586113
ENSG00000135414.10	0.669295148474703	3	0.880401155797585	0.999999999795678
ENSG00000135437.10	2.09740542419468	3	0.552437842017098	0.966732041937935
ENSG00000258311.5	2.78399997520603	3	0.426140583296741	0.886868247313846
ENSG00000135446.17	2.46316347515676	3	0.481985065910675	0.926717119677157
ENSG00000135451.13	0.953531976876548	3	0.812493786883463	0.999999999795678
ENSG00000135452.10	4.80160830411478	9	0.8512482349924	0.999999999795678
ENSG00000135457.10	5.68339148630003	6	0.45957413388573	0.912106879388296
ENSG00000135473.15	20.9731066126187	15	0.137690776066794	0.498535982096819
ENSG00000135476.12	24.8150463189377	9	0.00318273252194594	0.0441676730899952
ENSG00000135482.7	7.02074460851327	3	0.0712395022910731	0.336536060820715
ENSG00000135506.16	12.7302211846254	6	0.0475257991012512	0.261747047088209
ENSG00000135597.19		6	1	
ENSG00000135631.17	13.8674472114021	6	0.031152413676073	0.198235963635733
ENSG00000135677.11	1.12955581412825	3	0.769944405814059	0.999999999795678
ENSG00000135679.25	50.4338047546717	12	1.17207195030612e-06	7.78851418125548e-05
ENSG00000135686.13	11.7769283593661	9	0.226179165281772	0.655499490405458
ENSG00000205084.11	4.52584490617846	12	0.971974961960458	0.999999999795678
ENSG00000135709.12	1.76922424562054	3	0.621654873241793	0.999999999795678
ENSG00000135720.13	12.2039886554812	6	0.0575697500711628	0.296602719055067
ENSG00000135722.9	30.5661311223894	9	0.000351266162157836	0.0081131475117196
ENSG00000135723.14	4.1688368766936	3	0.243800483408334	0.685805176610467
ENSG00000135749.19	3.99628080370985	6	0.677179754521286	0.999999999795678
ENSG00000135801.9	18.7718609708554	9	0.027204121777649	0.182569383486259
ENSG00000135838.13	2.66094271339807	6	0.850038661194045	0.999999999795678
ENSG00000135862.6	6.9305775905741	3	0.0741437280669447	0.343254580267725
ENSG00000135870.12	6.14665931426697	3	0.104688904210236	0.422665809976288
ENSG00000135905.19	1.59316568283964	3	0.660940446307928	0.999999999795678
ENSG00000135912.11	2.61683532076859	9	0.977574499734321	0.999999999795678
ENSG00000135913.11	11.5959920680129	6	0.071612959007039	0.337146491678319
ENSG00000135919.14	2.901219399002	3	0.407107281192767	0.871052712755283
ENSG00000135945.10	12.4516244734277	12	0.410123833141834	0.873893861000485
ENSG00000135953.11		9	1	
ENSG00000135956.9	0.101956076592614	3	0.991601658228194	0.999999999795678
ENSG00000135966.13	3.30709855495934	3	0.346655879435007	0.809484911100321
ENSG00000135974.10	1.92330561359267	3	0.588476478969386	0.992258488977707
ENSG00000196912.12		12	1	
ENSG00000136044.12	8.28339833797145	3	0.0405038071289995	0.238117740677882
ENSG00000136048.14	16.4172530145243	3	0.000931117326751962	0.0175548096929724
ENSG00000136052.9		9	1	
ENSG00000136108.15	8.94612613384379	6	0.176630646600036	0.572777860794597
ENSG00000136144.12		3	1	
ENSG00000136146.15	1.49258700433711	6	0.959985458122581	0.999999999795678
ENSG00000136169.16	0.422338336641815	3	0.935590225622392	0.999999999795678
ENSG00000106086.20	12.6951322206487	9	0.176893333119576	0.57326751697253
ENSG00000136213.10	2.2633582759845	3	0.519576808395189	0.950985646027984
ENSG00000136231.14	8.4467816060569	6	0.207163203204462	0.625268834094778
ENSG00000136235.17	18.678158131348	6	0.00474315243526475	0.0565481423421931
ENSG00000136243.17	5.98100462600269	6	0.425321324832009	0.886061615426583
ENSG00000136244.12	43.5969579817484	6	8.88499852207592e-08	8.27938885269764e-06
ENSG00000136261.15	2.80454255265067	6	0.832948583323317	0.999999999795678
ENSG00000136270.14	3.60329729052319	3	0.307609855828816	0.77064063696051
ENSG00000136271.10	1.82412636587105	6	0.935142137512189	0.999999999795678
ENSG00000136273.13	16.7885982581211	9	0.0521312767700247	0.278157823170396
ENSG00000136280.17	0.601671459227873	3	0.896049624537248	0.999999999795678
ENSG00000136305.11	1.91742273537966	3	0.589721537849593	0.992893838783514
ENSG00000136319.12	1.70545970588773	6	0.944698991152759	0.999999999795678
ENSG00000136371.11	2.51451606167029	6	0.866839562600473	0.999999999795678
ENSG00000136436.15	1.79500652665593	6	0.93755355245291	0.999999999795678
ENSG00000136448.12	5.69967074265878	9	0.769559398053084	0.999999999795678
ENSG00000136450.13	17.4717253303388	12	0.13269746690986	0.487343620525006
ENSG00000136451.9	5.98274772619334	6	0.425125472252109	0.886061615426583
ENSG00000136492.9	0.759444961525333	3	0.859140595838333	0.999999999795678
ENSG00000136504.13	1.29774764778631	3	0.729667989033442	0.999999999795678
ENSG00000136521.13	10.3765281783417	6	0.109665127892151	0.436025106337258
ENSG00000136522.14	1.27295812641387	3	0.735564231503089	0.999999999795678
ENSG00000136527.18	2.8279687827453	9	0.970726470678746	0.999999999795678
ENSG00000136536.15	5.90734817432531	9	0.7491543023703	0.999999999795678
ENSG00000136560.14	6.93009375430847	9	0.644397604173996	0.999999999795678
ENSG00000136603.14	32.3081320503766	9	0.000176120854639866	0.00456169894110351
ENSG00000136682.15	0.883026092757064	3	0.829521950866957	0.999999999795678
ENSG00000136710.10	13.3677459987321	9	0.146659853051301	0.516494973365291
ENSG00000136715.19	1.61510867488687	6	0.951485056431564	0.999999999795678
ENSG00000136717.15	1.49645454881829	9	0.997172986247692	0.999999999795678
ENSG00000136718.10	13.9670692246582	12	0.30281612510225	0.766207966980007
ENSG00000136731.13	16.6723880198879	6	0.010565761087119	0.096677906470964
ENSG00000157654.19	1.20946859544347	3	0.750734258702008	0.999999999795678
ENSG00000136816.16	1.3132716473483	3	0.725984030842666	0.999999999795678
ENSG00000136828.19		3	1	
ENSG00000136848.17	1.85968192798646	3	0.602034381985656	0.999999999795678
ENSG00000136870.10	2.28605711440014	6	0.891600999099842	0.999999999795678
ENSG00000136874.11	16.4329848547923	6	0.0116093229953018	0.102523727149141
ENSG00000136933.17	3.87047596902266	6	0.69419936181794	0.999999999795678
ENSG00000136940.14	0.665976545984449	3	0.88117590231148	0.999999999795678
ENSG00000136950.13	2.96380817846512	3	0.397238969105356	0.864077360487555
ENSG00000136986.10	2.16546264680801	3	0.538783150464849	0.960356303554987
ENSG00000136997.20	9.59638735598128	6	0.142710560538958	0.508998906418536
ENSG00000136999.5	2.45653354629212	3	0.483197683329857	0.927754503049962
ENSG00000137075.18	23.043827855271	6	0.000781931597145895	0.0155370574952494
ENSG00000137171.15	2.87441297847545	9	0.969066425670142	0.999999999795678
ENSG00000137177.20	6.19551349148605	9	0.720202217398893	0.999999999795678
ENSG00000137218.10		3	1	
ENSG00000137221.14	29.800304889437	15	0.0126623003263756	0.108427970146027
ENSG00000137275.14	1.99158537729363	3	0.574155026663705	0.982828294164413
ENSG00000204568.12	15.2132861540595	3	0.00164316134931839	0.0268713435544945
ENSG00000137331.12	64.7635219490912	3	5.63562651557842e-14	1.98643583312149e-11
ENSG00000204540.11	1.9409009979488	3	0.58476307096532	0.990570702186443
ENSG00000213780.11	4.06295020503603	3	0.254746386089816	0.704521799142175
ENSG00000137404.14	13.6634020937927	12	0.322717168243871	0.784723480189881
ENSG00000137492.8	8.75193546657283	6	0.188017165022803	0.594251523134449
ENSG00000137496.18	1.92795952565621	3	0.58749276436187	0.991396525909837
ENSG00000137500.9	17.826469712687	15	0.271898464654618	0.725954855317448
ENSG00000137502.10	23.2382596807465	6	0.000720482727706082	0.0145297350087393
ENSG00000137504.13	48.5566888196845	9	2.00959085968136e-07	1.66242378565681e-05
ENSG00000137547.9	8.26922019112681	6	0.219035617579889	0.642446364587612
ENSG00000137574.11	3.51699060217106	3	0.318565173362941	0.77987443874025
ENSG00000137575.12	6.30049226857955	3	0.0978715319337257	0.404612192446055
ENSG00000181381.13	15.5155715577437	3	0.00142508936661974	0.024019125769618
ENSG00000137692.12	2.51247638142377	6	0.867068754779581	0.999999999795678
ENSG00000137720.8	0.652208008781599	3	0.884383258488748	0.999999999795678
ENSG00000137760.15	6.29258383982506	3	0.098211372726715	0.405190635468437
ENSG00000137770.14	7.16813950101459	12	0.846304996459499	0.999999999795678
ENSG00000137804.14	59.800576997688	12	2.45436409769293e-08	2.80246897746431e-06
ENSG00000137806.9	0.960346449865028	3	0.810845672507537	0.999999999795678
ENSG00000137807.15	1.46182022746507	6	0.961990247924359	0.999999999795678
ENSG00000137814.12	3.61576840940143	6	0.728508908952256	0.999999999795678
ENSG00000137817.17	55.4382642501514	15	1.50706113571298e-06	9.62027136001981e-05
ENSG00000137821.12		6	1	
ENSG00000137822.13	9.88592440195134	9	0.359799052732405	0.8261314457729
ENSG00000137824.16	0.622888423189579	3	0.891173179068971	0.999999999795678
ENSG00000137825.11	0.657435403787076	3	0.883166894234469	0.999999999795678
ENSG00000137841.12	2.5700596985057	3	0.462762661692896	0.914136671136526
ENSG00000137845.15	35.3179935299486	15	0.00221508882216466	0.0337551223332498
ENSG00000137936.18	8.76528537519698	3	0.0325799321066969	0.204589860254835
ENSG00000137942.16	3.53149501519647	3	0.31670023764094	0.77888924705432
ENSG00000137944.18	3.03163106476131	3	0.386773952934288	0.853218077942387
ENSG00000137996.13	2.87796014662763	6	0.824000923288396	0.999999999795678
ENSG00000138002.16	8.81850310246591	9	0.454193996181348	0.908275956349824
ENSG00000138030.13	5.48085889201548	3	0.139787960473592	0.503671553581962
ENSG00000138031.14	20.2135998172889	15	0.163890974017162	0.551955649734791
ENSG00000138035.15	2.72672409322695	3	0.435704901931505	0.894963347404929
ENSG00000138036.18	3.29960337501507	9	0.951223582140669	0.999999999795678
ENSG00000138078.16	0.362408502145627	3	0.947893701626859	0.999999999795678
ENSG00000138092.11	9.41829946710641	9	0.399590810916743	0.866200011748825
ENSG00000138095.19	2.76281176112389	3	0.429658406451935	0.889734959430838
ENSG00000138162.19	37.3192986095273	12	0.000198269018852384	0.00500737363188871
ENSG00000138172.11	19.0134018939975	6	0.00414105909069924	0.0521701574228697
ENSG00000138182.14	2.65190487642667	3	0.448462525606767	0.903268399671183
ENSG00000138190.17	3.21111941036725	6	0.781920715674782	0.999999999795678
ENSG00000187164.20	6.27251080136557	6	0.393365869294535	0.861663632091542
ENSG00000068078.19	1.31898307649135	3	0.724630368863645	0.999999999795678
ENSG00000138231.13	5.72384809101641	3	0.125846447806069	0.474222598501265
ENSG00000163781.14	22.8835579196639	12	0.0287309220917269	0.188906395294104
ENSG00000119042.17	0.708718650745709	3	0.871151343644218	0.999999999795678
ENSG00000138381.10	0.784465370557882	3	0.853178989193719	0.999999999795678
ENSG00000138382.15	1.99072692800837	3	0.574333594527637	0.982926419851289
ENSG00000138398.16	2.91346297852397	3	0.405160821178893	0.869314036265377
ENSG00000138442.10	3.49433559784666	6	0.744723166511776	0.999999999795678
ENSG00000138443.17	26.2652646720944	12	0.00984321968418779	0.0919343110365327
ENSG00000138448.12	3.63136859633232	3	0.304119462449671	0.766850908694932
ENSG00000138459.9	0.109624786648055	3	0.990657912638697	0.999999999795678
ENSG00000138463.9	0.69829494757505	3	0.873604921207824	0.999999999795678
ENSG00000084463.8	1.68728430921328	3	0.639764475436452	0.999999999795678
ENSG00000171681.12		9	1	
ENSG00000070961.15	11.9639028252495	9	0.215351951385132	0.638086441960513
ENSG00000029153.14	11.7685728530309	6	0.0673353328764194	0.325915777052754
ENSG00000091039.17	7.44175704006966	6	0.281916718516909	0.738687406921972
ENSG00000064102.15	3.56515065076383	3	0.312410085034347	0.774528611429191
ENSG00000060982.15	78.5540256703753	9	3.12943016016845e-13	9.75780396480216e-11
ENSG00000058272.19	0.612517167091937	6	0.996188152412737	0.999999999795678
ENSG00000120802.14	1.58236199690145	3	0.66339569838135	0.999999999795678
ENSG00000059758.8	0.714631870521771	3	0.869757108251688	0.999999999795678
ENSG00000028203.18	9.8432184565936	15	0.829484254084102	0.999999999795678
ENSG00000111142.14	4.3698387536715	6	0.626760232818664	0.999999999795678
ENSG00000118600.12	3.64971274077834	9	0.932920157640171	0.999999999795678
ENSG00000100578.18	39.8863218363786	18	0.00216292467864763	0.0332270520727877
ENSG00000020426.11	5.66871247498784	6	0.461304469578709	0.912398296563912
ENSG00000126814.7	0.898451392339666	3	0.825801507596016	0.999999999795678
ENSG00000047621.12	5.42699465620444	6	0.490323935969823	0.933330863796044
ENSG00000080371.6	0.627766038938717	3	0.890047582589759	0.999999999795678
ENSG00000088451.11	0.517186069890158	3	0.915099805803044	0.999999999795678
ENSG00000053254.15	0.358142869629432	3	0.948746756760645	0.999999999795678
ENSG00000100764.14	1.40974401283893	3	0.703252278363219	0.999999999795678
ENSG00000113593.12	11.3673468101224	3	0.00989663410625002	0.0921869575142749
ENSG00000111412.6	3.93830664693178	6	0.685025036448196	0.999999999795678
ENSG00000075643.6	14.246813571157	3	0.00258773943995335	0.0378494376117946
ENSG00000172466.16	1.49750935539305	3	0.682845289021205	0.999999999795678
ENSG00000186812.13	1.79920430632546	6	0.937208559516671	0.999999999795678
ENSG00000070018.9	6.94941224418653	3	0.073527774974431	0.342580271102133
ENSG00000119801.13	0.325566387396975	3	0.955150557333475	0.999999999795678
ENSG00000064652.11	2.37145125070037	6	0.882567809103823	0.999999999795678
ENSG00000005189.19	5.03948146394669	6	0.538759397469218	0.960356303554987
ENSG00000069248.12	3.17189001561565	3	0.365874813914371	0.831463567957752
ENSG00000126749.16	16.3536961305945	9	0.0598529098861293	0.304217893697085
ENSG00000113048.17	3.58340245729778	3	0.310105109859148	0.773545269424034
ENSG00000113163.17	10.1358380473494	9	0.33960076007503	0.802006396634222
ENSG00000049860.14	7.23585783157614	9	0.612577928110589	0.999999999795678
ENSG00000109790.16	6.43629406030595	6	0.376129308547352	0.842747928062839
ENSG00000078140.14	23.7444039118418	15	0.0695630236937956	0.332320231635593
ENSG00000121897.15	18.6238064359386	12	0.0980206117642416	0.404920539940521
ENSG00000109787.13	4.43578646849801	3	0.21809000291858	0.64083206004383
ENSG00000065882.16	10.4143422130292	9	0.317994289043665	0.77987443874025
ENSG00000081019.13	15.5196295436181	6	0.0165782340545946	0.128244091461507
ENSG00000009307.16	2.44711445952998	3	0.484924541616692	0.928762861070039
ENSG00000065600.13	14.0071083091134	3	0.0028954930983648	0.0412105062563523
ENSG00000054392.13	9.66259838517163	3	0.0216630412596645	0.155280526518214
ENSG00000082512.15	7.42495973388668	3	0.0595182318454084	0.302896613666495
ENSG00000092020.10	26.6408631784761	9	0.00160338170394596	0.0264737586026272
ENSG00000129625.13	15.0056949337886	6	0.0202124675071365	0.148157752333052
ENSG00000112893.9	0.402203020066736	3	0.939787027377225	0.999999999795678
ENSG00000129595.14	9.17359831285376	9	0.421406443438612	0.884041187257304
ENSG00000108641.19	5.58415543600859	6	0.471344294818202	0.921379939815744
ENSG00000128487.16	2.76148376174388	9	0.973005628411037	0.999999999795678
ENSG00000129116.19	18.3737847078637	9	0.0310764458909111	0.1982193130115
ENSG00000128915.12	19.6381205233047	15	0.186258615419998	0.590933264471912
ENSG00000089916.18	22.7980212157554	9	0.0066662245860483	0.0710158774232504
ENSG00000100603.14	4.93578527755744	3	0.176560104852949	0.572777860794597
ENSG00000009830.12	10.8527611259669	6	0.0930350234840766	0.393254917994507
ENSG00000070269.14		6	1	
ENSG00000053770.12	0.640310844599298	6	0.995689778858393	0.999999999795678
ENSG00000118620.13		3	1	
ENSG00000065150.21	8.96159563280526	9	0.440826796973384	0.898838743225157
ENSG00000083093.10	3.23770564227698	3	0.356407389257096	0.821550953854784
ENSG00000047578.13	2.14856352797301	3	0.5421506759535	0.962385708332608
ENSG00000101577.9	3.06196690142042	3	0.382169426898354	0.848834943524646
ENSG00000079134.12	7.8412452986413	3	0.0494091971376991	0.268162634735931
ENSG00000101557.15	6.40975348158827	6	0.378886884032192	0.844898760493892
ENSG00000128731.18	19.6453025809678	15	0.18596558461011	0.590933264471912
ENSG00000103257.9	7.64356458187103	3	0.0539821697413056	0.283808981901923
ENSG00000120805.14	8.33406363979884	9	0.500862582568517	0.940151272726277
ENSG00000006695.12	5.76834223666992	3	0.123441220079578	0.47071400337965
ENSG00000072310.17	8.0257134376734	9	0.531557012158124	0.956354349215692
ENSG00000011295.16	0.968913986673215	6	0.986763311517992	0.999999999795678
ENSG00000111450.14	10.7263579017308	9	0.294933047233991	0.75419912734008
ENSG00000111452.13	0.0796792303262919	3	0.994159111869126	0.999999999795678
ENSG00000038532.16	5.04466645444518	6	0.538097220725531	0.960356303554987
ENSG00000103429.11	3.87665589452081	6	0.693363853235988	0.999999999795678
ENSG00000103381.12	0.644620119257752	3	0.886145862647765	0.999999999795678
ENSG00000072415.9	8.13242306391112	6	0.228561343428127	0.658670385510994
ENSG00000111328.7	0.00499353941995651	3	0.999906291060384	0.999999999795678
ENSG00000073060.16	5.51148456239025	6	0.480069727367896	0.926580512635038
ENSG00000087299.12		6	1	
ENSG00000087302.9	0.883796117966995	6	0.989636443441388	0.999999999795678
ENSG00000108651.10	31.3575611240449	12	0.00173712260889513	0.0280534920125753
ENSG00000108671.11	20.0613982598443	6	0.0027005577814994	0.0389562667875722
ENSG00000108578.15	2.10607735312806	3	0.550684252219708	0.966210808531499
ENSG00000076513.17	9.17257223592605	9	0.421499296138836	0.884041187257304
ENSG00000122965.11	5.86501041135489	9	0.753348948198828	0.999999999795678
ENSG00000086666.19	26.6294723918691	12	0.00873368203818346	0.084562323228878
ENSG00000103876.13	8.92452639174007	9	0.444270092671241	0.901640646692231
ENSG00000117899.11	0.1433428508426	3	0.986171228263558	0.999999999795678
ENSG00000103043.15	5.62658912571715	6	0.466290621023239	0.917083470314264
ENSG00000100926.15	1.96389600128168	6	0.922988932483173	0.999999999795678
ENSG00000070614.15	5.48970304764225	6	0.48270210426451	0.927482766154512
ENSG00000113712.19	12.067130135707	12	0.440303506294481	0.898449666632107
ENSG00000113721.14	2.47102232551333	3	0.480550767796616	0.926580512635038
ENSG00000120306.11	1.11993399214407	3	0.772264248262521	0.999999999795678
ENSG00000113068.10	2.95684795801935	6	0.814243070491363	0.999999999795678
ENSG00000110801.14	2.03499313282373	6	0.916452299582727	0.999999999795678
ENSG00000089053.13	13.2677437171515	6	0.0389757919680484	0.231146119593978
ENSG00000122966.16	12.6205711827415	9	0.180539847886667	0.578701055153709
ENSG00000066739.12	0.319348285014712	3	0.95634945123815	0.999999999795678
ENSG00000069966.18	0.268291843680345	3	0.96587727554376	0.999999999795678
ENSG00000047346.12		12	1	
ENSG00000069956.12	1.49863594939416	3	0.682585188279593	0.999999999795678
ENSG00000138600.10	10.6851198981167	9	0.297911254933574	0.759629944230337
ENSG00000138604.10	22.9123639045702	6	0.000826367785242071	0.0160656202277158
ENSG00000104133.15	9.3493142333009	6	0.154864891169532	0.532890353442867
ENSG00000104131.13	0.178276111488231	3	0.981017655342681	0.999999999795678
ENSG00000138613.14	4.07759143207863	3	0.253206631345795	0.701793559083883
ENSG00000103591.13	2.86834479484969	6	0.825180334003271	0.999999999795678
ENSG00000075131.10	14.5523768975399	6	0.0240390287043294	0.166567868124785
ENSG00000103671.10	0.634864527196442	3	0.888406578559991	0.999999999795678
ENSG00000138617.16	0.573182060780255	3	0.902543330737125	0.999999999795678
ENSG00000028528.15	2.78502478028531	9	0.972211653682397	0.999999999795678
ENSG00000103769.10	2.97786904967506	6	0.811619335089418	0.999999999795678
ENSG00000103642.12	10.9576885729639	6	0.0896929537802954	0.38493423837843
ENSG00000110844.13	21.3690517149653	12	0.0452305051732108	0.254266410571828
ENSG00000129315.11	2.55058744965208	3	0.466218126849911	0.917083470314264
ENSG00000067141.17	7.94320152842283	9	0.539880150991662	0.960881799258422
ENSG00000037280.16	7.4936259084443	6	0.277595842521718	0.734338047486417
ENSG00000113269.14	6.59174303797772	3	0.0861137610997955	0.375606031034459
ENSG00000113300.13	2.38223318383189	6	0.881407824759573	0.999999999795678
ENSG00000126217.21	17.756291369722	12	0.123293212849109	0.470370859561285
ENSG00000126216.15	1.20092613974521	3	0.752782193663014	0.999999999795678
ENSG00000119707.14	23.7283770865142	9	0.00475204065092155	0.0565709156490763
ENSG00000008294.21	12.6774053900081	9	0.177754787805455	0.575043122401766
ENSG00000110958.16	0.482332470419351	3	0.922755388899546	0.999999999795678
ENSG00000078142.13	7.045552247655	9	0.63237663418032	0.999999999795678
ENSG00000118482.12	2.29267349670499	3	0.513925923395144	0.947675515712402
ENSG00000110911.16	25.9422561031752	12	0.0109376154602347	0.0986332019311707
ENSG00000123268.9	11.2950182784189	6	0.0796754105446935	0.358252109420871
ENSG00000050426.16	13.960943237551	6	0.0300755054501013	0.193971457982475
ENSG00000063046.18	17.2690000892035	6	0.00834384701313768	0.0825928787979331
ENSG00000012822.16	57.9609117259333	9	3.30687464826473e-09	5.48879481835013e-07
ENSG00000111481.10	11.8106861488777	6	0.0663278977582254	0.323538066862776
ENSG00000108960.9	4.82331484212227	6	0.566666019707376	0.976561197245107
ENSG00000103852.13	33.2109737254377	21	0.043929459838509	0.250447349445002
ENSG00000066926.12	4.48646478372029	3	0.213500779874444	0.634708772439354
ENSG00000104219.13		3	1	
ENSG00000129422.14	11.623788985401	6	0.0709074890857567	0.335775125010648
ENSG00000104738.18	1.67888086786843	6	0.946740028935878	0.999999999795678
ENSG00000085415.16	5.61056117620683	9	0.778172981731037	0.999999999795678
ENSG00000101745.17	4.21558389628194	3	0.239106265824439	0.677931083961579
ENSG00000101624.11	18.0902450582562	9	0.0341408558926929	0.21096030390401
ENSG00000103479.16	5.66629923581422	6	0.461589296525842	0.912485839291636
ENSG00000087253.13	18.9961659632318	12	0.088621016640664	0.382953568118024
ENSG00000103494.14	8.06946750488805	6	0.23305800280851	0.665750961511133
ENSG00000070540.13	6.98549494413419	6	0.322190703937424	0.783698863973725
ENSG00000103091.15	26.8342624519064	12	0.00816297673819572	0.0810003089553888
ENSG00000101665.9	2.53285892165013	3	0.469381997900455	0.920054470047963
ENSG00000175387.16	0.544958752652747	3	0.908908791117973	0.999999999795678
ENSG00000101654.18	3.75537444804104	3	0.289119675191016	0.747176667763329
ENSG00000105993.15		6	1	
ENSG00000106615.10	0.631411795475287	3	0.88920519397745	0.999999999795678
ENSG00000082014.17	5.21449820074304	6	0.516611253787618	0.950043648077986
ENSG00000055609.19	3.56980266513983	6	0.734660785808905	0.999999999795678
ENSG00000101546.13	1.06976613186998	3	0.784377211050723	0.999999999795678
ENSG00000104218.15	6.54471387517697	12	0.886178142386981	0.999999999795678
ENSG00000066777.9	16.1208914310855	6	0.0131195950512469	0.110408663708527
ENSG00000066629.18	8.78910167696313	6	0.185790852481849	0.590933264471912
ENSG00000100811.14	23.9905193835475	6	0.0005243592304386	0.0112163068104637
ENSG00000105497.8	17.0303883899701	6	0.00917220895598937	0.0875843321627866
ENSG00000105383.15	0.216986159231055	6	0.99980374857057	0.999999999795678
ENSG00000121064.13	1.07307630533614	3	0.783577220802998	0.999999999795678
ENSG00000062716.13	48.5878041009419	6	9.01513743191509e-09	1.19812654361534e-06
ENSG00000068489.13	2.13050199290228	3	0.545766691865892	0.964043407921519
ENSG00000108395.14	6.00009103153388	3	0.11160579629674	0.441791108680503
ENSG00000127564.17	9.5087944544066	6	0.146920551989479	0.517188412930399
ENSG00000095906.17	3.09817301566363	3	0.376735109070826	0.842747928062839
ENSG00000008710.20	29.2556309858173	6	5.4420384072119e-05	0.00173695296721523
ENSG00000090565.17	4.10587260276679	6	0.662351419186713	0.999999999795678
ENSG00000103363.15	5.83799908001674	9	0.75601619921481	0.999999999795678
ENSG00000127586.17	12.9078291562364	6	0.0445232016253264	0.252412304598966
ENSG00000007384.15	11.8155492039105	3	0.00804247476639714	0.0802959888315044
ENSG00000103249.18	23.0996729670733	3	3.84965314879105e-05	0.00135104493840905
ENSG00000100726.15	1.18933241912237	3	0.755563958921795	0.999999999795678
ENSG00000103126.15	0.349428227284079	3	0.950479370599103	0.999999999795678
ENSG00000005156.12	9.35340564264152	9	0.405311764177894	0.869314036265377
ENSG00000118454.13	6.79031265251751	6	0.34067515248129	0.804033030907079
ENSG00000116729.14	8.32044252869673	9	0.502203645925868	0.940269043307394
ENSG00000005339.15	4.09992100588624	9	0.904713634680047	0.999999999795678
ENSG00000102858.13	4.34121185036565	6	0.630605651479035	0.999999999795678
ENSG00000033011.13	17.4410015988033	6	0.00779209147780885	0.078935887096123
ENSG00000103423.14	0.126191379051306	3	0.988518953958371	0.999999999795678
ENSG00000102921.8	15.9081913837326	9	0.0688237206270837	0.33054141180318
ENSG00000109046.15	15.670905958279	9	0.0740801826261058	0.343254580267725
ENSG00000076604.15	0.293164820839593	3	0.961308825262258	0.999999999795678
ENSG00000108370.17	9.12371563177749	6	0.16673900927721	0.55748392228131
ENSG00000005961.19	10.0867970616073	9	0.343504329554366	0.806250607903081
ENSG00000186868.16	5.61793691727689	6	0.467318567135199	0.918214159904279
ENSG00000067596.12	1.88519576440376	6	0.929948381150628	0.999999999795678
ENSG00000120071.14	8.0425294944589	9	0.529866019418437	0.954784039576318
ENSG00000103196.12	3.83476154910341	3	0.279868588504228	0.737132763808894
ENSG00000103187.8	155.884969405714	3	1.41615515717088e-33	1.91346164319739e-30
ENSG00000103150.7	0.390948037120438	3	0.942106005332378	0.999999999795678
ENSG00000165055.16	11.2914631660387	9	0.25625849541646	0.706646781122773
ENSG00000108854.16	6.97511947942348	6	0.3231542715753	0.784925188634958
ENSG00000006740.17	5.67469661671566	6	0.46059861690082	0.912152391391972
ENSG00000119509.13	1.09859518389021	3	0.777413222609622	0.999999999795678
ENSG00000138829.12	0.715042558307687	3	0.869660213445606	0.999999999795678
ENSG00000108523.16	1.31721561768791	3	0.725049173794447	0.999999999795678
ENSG00000091622.16	5.16238040691519	3	0.160285756369601	0.544608812610374
ENSG00000070915.10	3.82256385367509	6	0.70067368758845	0.999999999795678
ENSG00000070770.9	5.88996355190102	3	0.117088203295448	0.455588082192429
ENSG00000088682.14	27.9089846665011	3	3.79535841230289e-06	0.000206503158715031
ENSG00000140853.15	20.9069680502107	12	0.0517594686641029	0.276607786723719
ENSG00000080603.17	8.71398414780924	9	0.464083866263168	0.915271872852872
ENSG00000099381.18	3.74078356008067	3	0.290849537446689	0.748502619375075
ENSG00000070159.14	2.38932327653993	3	0.495625185888039	0.936545868418111
ENSG00000101310.17	5.46980799108133	6	0.485113305305299	0.928762861070039
ENSG00000104518.11	6.50517059803588	6	0.369037523698895	0.834063898697225
ENSG00000161016.17	2.88992640562356	6	0.822530064457432	0.999999999795678
ENSG00000124120.11	0.849486939762755	3	0.837597401348346	0.999999999795678
ENSG00000126254.12	2.09381575977022	3	0.553164890111428	0.966905511887311
ENSG00000124333.16	17.738727223079	6	0.00691940218411155	0.0724353855714998
ENSG00000124333.16_PAR_Y	11.0983033062948	3	0.0112060168901428	0.100162270042324
ENSG00000105173.14	10.9886048901408	6	0.0887292511014663	0.383028774589769
ENSG00000104388.15	6.68776818954211	6	0.350689526306784	0.814956465028706
ENSG00000011201.12	0.0709614671493455	3	0.995078176922478	0.999999999795678
ENSG00000078747.16	14.2771261540838	9	0.112803166119064	0.444793418155279
ENSG00000123080.12	3.59179668914294	3	0.309050101805181	0.772577605715265
ENSG00000085831.15	1.27917658406705	6	0.972793504558216	0.999999999795678
ENSG00000100813.14	5.72071010104264	9	0.767512588315652	0.999999999795678
ENSG00000129474.16	2.19206289929207	3	0.533513424141818	0.957840560023883
ENSG00000129566.13	19.9274780275077	9	0.0183652763718737	0.139538233877019
ENSG00000077942.19	0.193597214005422	3	0.978616247761981	0.999999999795678
ENSG00000186951.16	26.2802758437938	9	0.00183796391260224	0.0294473783388663
ENSG00000075275.18	8.54428401595942	9	0.480357168742756	0.926580512635038
ENSG00000117450.14	1.42499719839543	3	0.699685852034651	0.999999999795678
ENSG00000087157.19	38.4608490115679	12	0.000129063159180761	0.00355889466489261
ENSG00000035862.12	1.71911182673648	3	0.632693191599073	0.999999999795678
ENSG00000108679.13	2.02813179790974	3	0.566588423603965	0.976561197245107
ENSG00000005007.13	0.225223371977336	3	0.973418195780539	0.999999999795678
ENSG00000129933.21	0.790361168754316	3	0.851771098540842	0.999999999795678
ENSG00000105696.9	0.413491268623147	3	0.937441628331674	0.999999999795678
ENSG00000003096.14	9.37754041301105	6	0.153432174703802	0.529533691070124
ENSG00000100320.23	16.0479516463965	6	0.0134988929783852	0.112230551780753
ENSG00000183943.6	3.74344774344354	3	0.290532987165229	0.748502619375075
ENSG00000083750.13	13.603129392327	6	0.0343976581353058	0.211740178058409
ENSG00000013619.14	19.0763663352009	6	0.00403658735825859	0.051616109958048
ENSG00000116991.11	18.2035524899593	9	0.0328840793527604	0.205703110580887
ENSG00000170471.15	10.4432593488291	6	0.107184121997407	0.42889520090473
ENSG00000079462.7	2.3239979502614	3	0.507939132602473	0.94410855980886
ENSG00000007047.15	10.8924154092165	9	0.283155495523396	0.739427948539372
ENSG00000126091.21	0.754113811820844	3	0.860407905072984	0.999999999795678
ENSG00000088812.18	6.99988707440207	3	0.0719013719063682	0.338136083057556
ENSG00000105808.18	6.58087043911519	6	0.361350968187009	0.827514591791538
ENSG00000197037.11	11.5990537612124	9	0.236867685715737	0.673784676525432
ENSG00000241685.10	0.320999312287313	3	0.956031886578765	0.999999999795678
ENSG00000074842.8	1.05869252525736	3	0.787054044365214	0.999999999795678
ENSG00000126934.14	1.31502798415022	3	0.725567663858737	0.999999999795678
ENSG00000065717.15	7.30180140316952	9	0.605729238851463	0.999999999795678
ENSG00000142002.17	0.489329969186656	3	0.921229239436153	0.999999999795678
ENSG00000105426.17	28.9742359584961	9	0.000654557181734844	0.0134002400816272
ENSG00000071564.17	10.0038890860669	9	0.350170459812122	0.814411102361791
ENSG00000008382.16	18.650015161883	9	0.0283387690518517	0.187196380587648
ENSG00000105229.7	9.24606307932572	3	0.0261920724300175	0.177838468333461
ENSG00000101040.19	14.0722630024884	6	0.0288392805071631	0.189311779005321
ENSG00000109445.11	1.55323137868254	3	0.670040152290968	0.999999999795678
ENSG00000109458.8	2.72644329988259	3	0.43575222099766	0.894963347404929
ENSG00000103226.18	27.3143622088992	12	0.00696062545817698	0.0727188023059804
ENSG00000102882.12	1.38372661090398	3	0.709353698582259	0.999999999795678
ENSG00000102362.15	3.96414809861483	3	0.265361602447784	0.717095503681394
ENSG00000123240.17	8.89180185048463	9	0.447321282126021	0.902688406938908
ENSG00000107968.10	11.7169644453134	6	0.0685891558201996	0.330197319616602
ENSG00000120616.16	194.238250082079	9	5.33817520536927e-37	8.65531727798574e-34
ENSG00000107951.15	22.0112891251883	9	0.00884326780053657	0.085449787912932
ENSG00000062650.19	7.81984524451764	3	0.0498854538919763	0.269614249801501
ENSG00000070366.14	2.75586381650282	3	0.430817147233377	0.89077425629329
ENSG00000108963.18	0.352613593242495	3	0.949847668843283	0.999999999795678
ENSG00000083457.12	10.3856442136166	3	0.0155570462804168	0.122581262851898
ENSG00000129219.14	0.584711885458546	3	0.899923144538001	0.999999999795678
ENSG00000127804.13	6.13470540134222	3	0.105237303214444	0.423890696917087
ENSG00000083807.10	1.49815137575206	3	0.682697057539904	0.999999999795678
ENSG00000064687.13	2.45613285788204	6	0.873344431309435	0.999999999795678
ENSG00000083844.10	16.1269620185371	6	0.0130884931988195	0.110408663708527
ENSG00000099991.18	4.41797467880497	9	0.881815664981409	0.999999999795678
ENSG00000099956.20	38.6816092793524	6	8.26323156320932e-07	5.82521898112504e-05
ENSG00000047056.16	10.8802613145226	3	0.0123912852030558	0.106868243767205
ENSG00000070413.20	4.4008717241486	3	0.22130457172269	0.646709544847966
ENSG00000070010.19	4.38865080149844	9	0.884023679136498	0.999999999795678
ENSG00000099917.17	27.2416191716293	9	0.00127564366044608	0.0220975281094795
ENSG00000099889.14	6.5916462463274	9	0.679550313252013	0.999999999795678
ENSG00000115091.12	1.90283605115837	6	0.928414219314763	0.999999999795678
ENSG00000100393.14	12.3053013467297	3	0.0064072520460677	0.0692581231166278
ENSG00000100418.8		3	1	
ENSG00000105486.14	8.00226196643052	6	0.237937634963759	0.675879609898805
ENSG00000125741.5	0.509716729538013	3	0.916751561232898	0.999999999795678
ENSG00000104812.15	2.60446250325913	3	0.456707749468459	0.910159716062142
ENSG00000074201.9	3.52050382610469	9	0.940052975047241	0.999999999795678
ENSG00000125630.16	16.855778094452	9	0.0510229632960871	0.273504027011961
ENSG00000141002.20	2.79831111073145	3	0.423778013768066	0.885558679544047
ENSG00000074266.21	3.72971707991201	6	0.713197682718901	0.999999999795678
ENSG00000105323.17	0.850604801715235	6	0.990647662693879	0.999999999795678
ENSG00000141867.17	1.63696531823916	6	0.949883165479199	0.999999999795678
ENSG00000011451.21	1.90315020662456	3	0.592749472584693	0.99470502468311
ENSG00000105135.16	0.484872141096275	3	0.922202142585446	0.999999999795678
ENSG00000105085.11	6.72061827502421	3	0.0813563389464213	0.363993289094171
ENSG00000026508.20	16.0401114516862	6	0.0135402850196068	0.112230551780753
ENSG00000110442.12	7.41139262234356	9	0.594369005929298	0.995586581891105
ENSG00000113594.10	0.728538221952476	3	0.866471819125171	0.999999999795678
ENSG00000125503.13	3.28835721625364	9	0.951757494186353	0.999999999795678
ENSG00000088035.18	8.36668716154964	9	0.497656602713399	0.937820101859024
ENSG00000116675.16	0.911736236791285	3	0.822594700965477	0.999999999795678
ENSG00000120008.16	4.54772652162501	6	0.602981414850805	0.999999999795678
ENSG00000080947.15		3	1	
ENSG00000126903.16	10.316914754032	9	0.32544363571353	0.787519747667895
ENSG00000146963.18	1.70624947244505	3	0.635545289775017	0.999999999795678
ENSG00000059378.13	0.942308360212337	3	0.815207658237604	0.999999999795678
ENSG00000122884.12	1.47040135164571	3	0.68911833605532	0.999999999795678
ENSG00000122958.15	6.2650625650349	3	0.0994028639647329	0.40823658468191
ENSG00000084234.17	0.221297627256718	3	0.9740800398965	0.999999999795678
ENSG00000064309.14	4.52569097029755	6	0.605914678670588	0.999999999795678
ENSG00000110063.10	5.28136087477105	6	0.508265576293991	0.944185028242955
ENSG00000110013.13	0.837172646424733	3	0.840556705741633	0.999999999795678
ENSG00000085760.15	0.596444025381061	3	0.897245947901408	0.999999999795678
ENSG00000115355.17	37.423069675855	18	0.0046140376962132	0.0556789755936142
ENSG00000115239.24		6	1	
ENSG00000115183.15	2.16841070633473	3	0.538197248305681	0.960356303554987
ENSG00000115170.15	7.53838012029951	3	0.0565804599181461	0.29366055605404
ENSG00000110651.12	8.21214779140428	3	0.0418248061989176	0.244465539909607
ENSG00000078902.16	0.378303813442471	6	0.999020589835621	0.999999999795678
ENSG00000021762.20	21.239570849797	12	0.0469804625222307	0.260305067533869
ENSG00000119865.9	1.41639875254668	3	0.701695314782203	0.999999999795678
ENSG00000115946.8	1.3355512862654	3	0.720708879082806	0.999999999795678
ENSG00000115750.17	13.5398346458478	6	0.0352208490804683	0.21582420521191
ENSG00000118363.12	10.4911845257739	9	0.312202124694364	0.774456790744255
ENSG00000110237.5	8.16377349016148	9	0.517729897664005	0.950985646027984
ENSG00000077514.9	18.8622986266491	6	0.00440262145509904	0.0543258023386422
ENSG00000094975.14	2.85598072015137	3	0.414367208828099	0.877324356743119
ENSG00000116353.16	1.12514284598001	6	0.980420648328275	0.999999999795678
ENSG00000088179.9	24.4596884669688	9	0.00363076543747347	0.0478611632546299
ENSG00000074054.19	1.21921763654609	6	0.975924855505026	0.999999999795678
ENSG00000116016.14	16.4000550675628	3	0.000938717620318693	0.0176570388582915
ENSG00000129810.15	23.3091063458924	9	0.00553819320073531	0.0625944210943465
ENSG00000109920.13	8.21842161415043	6	0.222534001077428	0.649093809668771
ENSG00000110455.14	6.44202703297196	12	0.892182662278121	0.999999999795678
ENSG00000083937.9	3.81990505082831	3	0.281579313523526	0.738263382706255
ENSG00000128829.12	1.4292789794672	3	0.698686155124254	0.999999999795678
ENSG00000092470.12	6.45855888037295	9	0.693290079786762	0.999999999795678
ENSG00000092445.12	12.8844165347036	6	0.0449085840909303	0.253886953434569
ENSG00000067369.14	16.3634549822382	12	0.17515043876323	0.571176430834071
ENSG00000103994.17	2.70766405373251	3	0.438926439544919	0.896994364857741
ENSG00000115840.14	6.57954536547186	6	0.361484543214633	0.827514591791538
ENSG00000117020.18	25.1312700615508	12	0.014212930239856	0.115040431478276
ENSG00000121644.19	0.486659335256263	3	0.921812368962012	0.999999999795678
ENSG00000115561.16	16.1222166169209	6	0.0131127995791038	0.110408663708527
ENSG00000068654.16	0.852325995968386	3	0.836914665232164	0.999999999795678
ENSG00000042493.16	24.4556519016041	6	0.000430471673225893	0.00964042501337656
ENSG00000011566.15	7.13294618752025	9	0.623279964780871	0.999999999795678
ENSG00000122481.17	11.5931741606128	9	0.237227516329636	0.674488319540329
ENSG00000115963.13	1.04207796856736	3	0.791071791602973	0.999999999795678
ENSG00000053501.13	1.70176822897338	3	0.63654074942656	0.999999999795678
ENSG00000115145.10	30.7760367336987	9	0.000323387543640738	0.00766579770846627
ENSG00000115808.12	1.06599854711931	3	0.785287851594818	0.999999999795678
ENSG00000054523.18	0.399834984629251	3	0.940276581046923	0.999999999795678
ENSG00000081320.11	9.07557104695854	3	0.0283028201336953	0.187196380587648
ENSG00000119041.11	0.267662897793343	3	0.965990876457577	0.999999999795678
ENSG00000058056.9	3.11887704690867	6	0.793785468280765	0.999999999795678
ENSG00000121879.6	3.68700781043754	6	0.718945475282045	0.999999999795678
ENSG00000171109.19	7.27109135459432	6	0.296502862128016	0.756930546954368
ENSG00000059691.12	7.94352300154242	6	0.242270233288851	0.683105511895933
ENSG00000115504.15	21.3384817821316	15	0.126358836834284	0.475165736132731
ENSG00000217555.13	5.45386099896859	3	0.14142443264776	0.506193322505692
ENSG00000213398.8	4.95557528384597	12	0.959446313765608	0.999999999795678
ENSG00000102974.16	6.81414798431615	3	0.0780634394827642	0.354742322806485
ENSG00000118096.9		6	1	
ENSG00000110400.11	2.55674190371747	3	0.465123766607245	0.916567422431924
ENSG00000109929.10	9.36149890597517	6	0.15424499543183	0.530982665802908
ENSG00000095139.14	6.36698306695325	3	0.0950585873530867	0.397851617526894
ENSG00000076706.17	5.42443939071382	3	0.143228479806034	0.51039704869781
ENSG00000006607.14	12.3588619817901	9	0.193825973337838	0.603435931585965
ENSG00000067066.17	8.50346255031218	6	0.203488163151057	0.619016337210365
ENSG00000077044.11	8.17946320398369	6	0.225248065646831	0.653574111739033
ENSG00000077232.18	8.6406224450875	12	0.733280756160898	0.999999999795678
ENSG00000104833.12	4.61488571029327	3	0.202268823064576	0.617077784515337
ENSG00000090674.16	1.51969979933347	3	0.677731147509802	0.999999999795678
ENSG00000125734.15	5.78457488509594	3	0.122574679342663	0.468939704134617
ENSG00000125648.15	0.315009155590815	3	0.957181385305061	0.999999999795678
ENSG00000114956.20	10.8723936981551	6	0.0924012342578459	0.391594331142234
ENSG00000091409.15	2.10630560398431	3	0.55063815043499	0.966210808531499
ENSG00000115966.17	0.69896642155436	3	0.873447030217708	0.999999999795678
ENSG00000121957.15	32.7482241853395	15	0.00508497059755272	0.0592296790723562
ENSG00000085491.17	3.77923873325562	6	0.706522033753538	0.999999999795678
ENSG00000128694.12	8.09062578924932	9	0.525039791205322	0.953075047686057
ENSG00000082258.13	0.283436384785091	6	0.999573292944299	0.999999999795678
ENSG00000115839.18	17.3840803895691	9	0.0430302275278242	0.248254328061646
ENSG00000121988.18	11.4970063166188	6	0.0741779107127544	0.343254580267725
ENSG00000048991.16	18.0787518258639	9	0.0342707940946556	0.211258746790053
ENSG00000115866.11	26.8983107000968	6	0.000151299041646064	0.00406152758484981
ENSG00000018510.16	11.3787122298418	6	0.0773537306101847	0.352307131492566
ENSG00000115947.14	31.1307706301122	9	0.000281121731534397	0.00672287279513085
ENSG00000086619.14		3	1	
ENSG00000054267.22	10.4342145453238	6	0.107517419644363	0.429592765429695
ENSG00000075151.20	27.7227777412263	6	0.00010595611741968	0.00300344840531939
ENSG00000128059.8	4.57870601296418	6	0.598864186260463	0.998126219243761
ENSG00000128050.9	8.63786768121645	9	0.471350738695429	0.921379939815744
ENSG00000128039.11	0.157568496228123	3	0.984129661553713	0.999999999795678
ENSG00000109265.14	4.92979514108447	3	0.17701066358528	0.573322193242453
ENSG00000051341.14	0.643203952404747	3	0.886474422125334	0.999999999795678
ENSG00000082701.16	56.493759802961	9	6.31629893445602e-09	9.1439706181491e-07
ENSG00000113845.10	29.5882190054399	9	0.000515382263161347	0.0110534497551562
ENSG00000115514.12	1.35345785653044	3	0.716479791777288	0.999999999795678
ENSG00000071082.11	1.36732366494834	3	0.713211798768646	0.999999999795678
ENSG00000168827.15	31.5867393484878	9	0.00023467036566456	0.00581425969564657
ENSG00000064012.22	10.2266870539297	18	0.92425540944628	0.999999999795678
ENSG00000003393.15	0.689037643915526	3	0.875779327089382	0.999999999795678
ENSG00000055044.11	0.777445111176348	3	0.854853906256222	0.999999999795678
ENSG00000109180.14	7.30088559028809	3	0.0629014310436626	0.314390814716999
ENSG00000109171.15	14.8015069728062	6	0.0218580168352481	0.156076471109756
ENSG00000077097.15	2.32927422886132	6	0.887063984462389	0.999999999795678
ENSG00000108953.17	1.26328550628386	6	0.973643541198269	0.999999999795678
ENSG00000138640.15	2.01053881312646	6	0.918726800554566	0.999999999795678
ENSG00000138658.15	9.47638484873642	12	0.661791773275405	0.999999999795678
ENSG00000138670.17	7.21314863659609	9	0.614938237327082	0.999999999795678
ENSG00000138674.17	7.3823475227764	6	0.286929829793448	0.744126721092606
ENSG00000138678.11	2.51921806829796	3	0.471827957851214	0.921379939815744
ENSG00000036257.13	9.12338561142678	6	0.166756939870751	0.55748392228131
ENSG00000109756.9	10.2388079575612	15	0.804455363260628	0.999999999795678
ENSG00000115998.7	8.1288284713919	9	0.521217442410328	0.950985646027984
ENSG00000075340.23		9	1	
ENSG00000059728.11	1.31328681329569	3	0.725980435144841	0.999999999795678
ENSG00000075292.19	25.5432910910677	15	0.043106127948426	0.248373403893311
ENSG00000014824.14	1.79414242870189	6	0.937624457813224	0.999999999795678
ENSG00000109133.13	40.7784901404812	9	5.48824907332782e-06	0.000272964633358703
ENSG00000093183.14	11.865592286169	6	0.065035328787221	0.319540248774546
ENSG00000138685.16	15.9063220537323	3	0.00118524923126336	0.0210258545248403
ENSG00000138686.10	1.98570087602639	6	0.921008979026071	0.999999999795678
ENSG00000138688.15	3.9012822220011	9	0.917788824272121	0.999999999795678
ENSG00000117222.14	0.313855919680464	3	0.957401837137122	0.999999999795678
ENSG00000114446.5	7.08210363318904	6	0.313321041998194	0.775601125947895
ENSG00000108106.14	7.02310206886614	6	0.318716018621244	0.77987443874025
ENSG00000070047.13	3.66271927202615	6	0.722209668018003	0.999999999795678
ENSG00000099864.18	29.6513007488466	15	0.0132428798101572	0.111023812431173
ENSG00000095752.7	7.29293219852025	6	0.294604480450498	0.75413909788828
ENSG00000138698.15	50.2229229384939	18	6.98411164976465e-05	0.0021285786896482
ENSG00000038002.9	0.0351085040738326	3	0.998268718627129	0.999999999795678
ENSG00000124839.13	9.25549707033497	9	0.414031812369091	0.877072355076097
ENSG00000065802.12	40.992094681058	6	2.90606829402831e-07	2.30432093157992e-05
ENSG00000114251.14	20.4349562913631	9	0.0154098841550877	0.121745390050298
ENSG00000126351.13	0.734208082056284	3	0.865129870993904	0.999999999795678
ENSG00000108797.12	2.71515618702688	3	0.43765780079387	0.895956888835721
ENSG00000073584.20	13.2729875600853	9	0.150637904084791	0.523709573872533
ENSG00000108349.17	0.932348173446371	3	0.817615257149218	0.999999999795678
ENSG00000033627.17	102.115432035489	12	2.14202051960765e-16	9.13966334339957e-14
ENSG00000168610.15	7.56830290557627	9	0.578165815297682	0.985185479592045
ENSG00000108306.13	16.120228661553	6	0.0131229949631868	0.110408663708527
ENSG00000112992.18	11.3882517169841	9	0.250031849446091	0.696087981957232
ENSG00000124275.15	10.1999195761746	9	0.334544465668882	0.796052827466284
ENSG00000124279.12	5.37052581216994	9	0.800886895007681	0.999999999795678
ENSG00000037474.15	1.78537393530132	6	0.938341842860677	0.999999999795678
ENSG00000109775.11	29.61798777886	9	0.000509426572914546	0.0109634881771657
ENSG00000109762.16	0.467225832142503	3	0.926030445698192	0.999999999795678
ENSG00000084774.14	3.90062750918514	3	0.272396428813857	0.72609611083301
ENSG00000119772.17	10.196812579921	6	0.11660476673803	0.454415303116479
ENSG00000084733.11	7.07323170852033	6	0.314127872298349	0.776133244276401
ENSG00000115137.12	19.014722258898	6	0.00413884154443768	0.0521701574228697
ENSG00000084731.15	13.9189930395751	3	0.00301751657117282	0.0423561969782822
ENSG00000075426.12	2.47515893726359	3	0.479797151921996	0.926580512635038
ENSG00000115207.13	1.08570019816398	3	0.780527186009413	0.999999999795678
ENSG00000127418.15	1.0258089282288	3	0.795007294066776	0.999999999795678
ENSG00000087274.17	16.5431249391659	6	0.0111174437386165	0.0999214150653704
ENSG00000127419.17	9.85360924689121	9	0.362465961875468	0.828449831667443
ENSG00000067113.17	0.921732726132177	3	0.820180285962733	0.999999999795678
ENSG00000062194.16	5.44853642015005	9	0.79358799250195	0.999999999795678
ENSG00000138738.10	1.02695467977014	3	0.794730103146791	0.999999999795678
ENSG00000105397.14	12.9049244140115	9	0.166955736177891	0.557688567447122
ENSG00000105556.11	28.5984816902792	9	0.000757182581968706	0.0151194068768973
ENSG00000095066.11	11.3090614641237	6	0.079281449874339	0.357870108090906
ENSG00000105088.8	1.74975069771972	6	0.941216169039278	0.999999999795678
ENSG00000114529.13	3.95137375952118	6	0.683256936063876	0.999999999795678
ENSG00000109680.11	26.9351598466596	9	0.00143372886896738	0.0241146056861381
ENSG00000109819.9	13.1507104152347	6	0.0407041127442394	0.238775862530788
ENSG00000091490.11	0.701542265891476	6	0.994457722344804	0.999999999795678
ENSG00000124784.9	2.1730756687648	3	0.537271076550459	0.960356303554987
ENSG00000138750.15	0.0594166659320763	3	0.996215983001587	0.999999999795678
ENSG00000138760.10	3.11143501460901	3	0.374761156444979	0.841603516703448
ENSG00000113273.17	6.89925233356917	6	0.330264932821519	0.792478416921895
ENSG00000070950.10	28.4412047752248	3	2.93440797920333e-06	0.000167529897798601
ENSG00000073578.17	9.739721848513	6	0.136049528445416	0.494819886544183
ENSG00000249915.8	0.877885082561988	3	0.8307610996366	0.999999999795678
ENSG00000150712.11	3.09925082594236	6	0.796290712409859	0.999999999795678
ENSG00000112877.8	9.98359981024805	3	0.0187060587447552	0.141069784412773
ENSG00000066230.12	2.90767707603209	3	0.406079678290589	0.869626334186508
ENSG00000109519.13	0.627987120256876	3	0.889996525320297	0.999999999795678
ENSG00000071073.13	25.1697323444034	3	1.42288102672781e-05	0.000620177230305503
ENSG00000114107.9	1.98358534761792	6	0.9212020441931	0.999999999795678
ENSG00000240303.8	49.6869339537143	9	1.23353111975183e-07	1.08698225954653e-05
ENSG00000081307.13	2.8444017892034	12	0.996546397498655	0.999999999795678
ENSG00000034533.12	4.46855684970728	3	0.215112150651688	0.638086441960513
ENSG00000091527.16	5.2398672665804	6	0.513436932676161	0.947675515712402
ENSG00000109586.12	0.608560380243944	3	0.894469904135583	0.999999999795678
ENSG00000049167.15	23.7897330419237	15	0.0687512980759388	0.33054141180318
ENSG00000114850.7	19.8487483360223	9	0.0188691234380855	0.141640725659777
ENSG00000073111.14	9.92878856875177	3	0.0191812593765053	0.14330220400298
ENSG00000075785.14	2.9123993878311	3	0.405329598752082	0.869314036265377
ENSG00000056097.16	2.01994527624629	3	0.568277325469664	0.976887690908449
ENSG00000113387.12	12.0129428329528	9	0.21258063339023	0.634146499714015
ENSG00000113389.16	15.9266396396852	9	0.0684294380780605	0.329699291714482
ENSG00000113318.11	8.3841833723036	9	0.495940719516338	0.936545868418111
ENSG00000113742.14	19.3867527153852	12	0.0796126792055931	0.35816869607089
ENSG00000113739.10	2.16766678184649	3	0.538345053197645	0.960356303554987
ENSG00000113732.9	6.40299817174673	3	0.0935675254645464	0.394257759324884
ENSG00000072803.17	0.699572735335096	9	0.999872770985794	0.999999999795678
ENSG00000037241.7	1.66084826830775	6	0.948103647847703	0.999999999795678
ENSG00000082068.9	12.8433828612069	9	0.169822024017792	0.564009483290552
ENSG00000039560.14	7.26282355465082	3	0.0639761454703856	0.316832383218336
ENSG00000079215.14	6.82401583272804	6	0.337429317687961	0.799183584645323
ENSG00000095397.16	26.2959041334307	12	0.00974496797567662	0.0914380270588082
ENSG00000106078.19	4.23001439633572	6	0.645580678152063	0.999999999795678
ENSG00000133302.13	9.13752027886949	3	0.0275172682029278	0.183909722441167
ENSG00000138778.13	1.05107447646515	3	0.788896048296217	0.999999999795678
ENSG00000138794.10	16.0812561810653	12	0.187542666573883	0.593214357360307
ENSG00000138802.11	2.47702715963396	3	0.479457099916101	0.926580512635038
ENSG00000125885.13	11.0203344179299	6	0.0877500020009829	0.381033350949099
ENSG00000120727.13	1.57374513021205	3	0.665357477501751	0.999999999795678
ENSG00000082515.18	0.818339835866937	3	0.845075544421157	0.999999999795678
ENSG00000114473.14	7.33595097434125	3	0.0619268299823646	0.31086118307556
ENSG00000041802.11	18.1303193102503	6	0.00591464116283521	0.0651494509607406
ENSG00000106829.20	1.86341779711802	6	0.931821546169178	0.999999999795678
ENSG00000113645.15	13.773280906451	12	0.315419922231454	0.777379531783282
ENSG00000040275.17	6.33750181421056	3	0.0962961016044886	0.401580501907196
ENSG00000106028.11	1.06698793056421	3	0.785048703081079	0.999999999795678
ENSG00000115657.14	4.13013117569062	3	0.24775083873434	0.691847773351085
ENSG00000115425.14	14.7689553143382	6	0.0221318837694099	0.157526937417565
ENSG00000213585.11	1.61523700261023	3	0.655939887824874	0.999999999795678
ENSG00000006837.12		6	1	
ENSG00000119048.8	2.79630003681814	6	0.833944636524146	0.999999999795678
ENSG00000069011.16	7.17834529095126	3	0.0664254002123093	0.323818833145635
ENSG00000112078.14	14.1608292069795	3	0.00269421258840369	0.0389562667875722
ENSG00000122515.15	11.7081582027986	15	0.700971364104835	0.999999999795678
ENSG00000044090.10	0.466828808039281	6	0.998219044055623	0.999999999795678
ENSG00000075223.14	9.76355238182668	3	0.0206867473843355	0.150275502728322
ENSG00000099250.18		6	1	
ENSG00000108100.18		6	1	
ENSG00000107242.20	1.97220957438276	3	0.578194700947674	0.985185479592045
ENSG00000064419.13	0.864381026611227	3	0.834013846341114	0.999999999795678
ENSG00000106052.13	1.22148410636146	6	0.975810250506708	0.999999999795678
ENSG00000106066.15	2.12750547524774	6	0.907606201204953	0.999999999795678
ENSG00000070501.12	10.4097151335081	9	0.318345411149801	0.77987443874025
ENSG00000123124.14	13.0719125884962	6	0.0419080772060138	0.244775779473454
ENSG00000104320.14	1.40512297073292	3	0.704334318930168	0.999999999795678
ENSG00000004866.21	0.997020669803533	3	0.801972867053368	0.999999999795678
ENSG00000122359.18	3.66459197756922	3	0.300034075820801	0.762415689299703
ENSG00000108219.15	1.82003755709866	6	0.93548329310034	0.999999999795678
ENSG00000014138.9	30.9901905546176	12	0.00197680994019348	0.0313007777053683
ENSG00000088727.12	2.9705835983259	3	0.39618287885939	0.863141503511956
ENSG00000067560.12	1.57506699947407	3	0.665056330177819	0.999999999795678
ENSG00000114316.13	2.74143431131415	6	0.840529124419424	0.999999999795678
ENSG00000076201.15	14.084343595212	3	0.00279256586726747	0.039998818879748
ENSG00000114302.16	0.53420869994261	3	0.911314138203977	0.999999999795678
ENSG00000114650.20	2.36018685066665	6	0.883775121071767	0.999999999795678
ENSG00000114770.17	14.9803329019051	9	0.0914776166006153	0.390081705316934
ENSG00000078070.13	2.0474179170742	3	0.562623494288198	0.973279327417962
ENSG00000112290.13		6	1	
ENSG00000135541.21	26.4573669119418	24	0.330373674340511	0.792478416921895
ENSG00000104691.15	3.14861726843083	3	0.369274031641572	0.834365823444321
ENSG00000124164.16	5.10663212264626	6	0.530211407010785	0.954784039576318
ENSG00000087460.26	7.56263662315905	6	0.271927453271407	0.725954855317448
ENSG00000124225.16	3.31482783820684	6	0.76842047854212	0.999999999795678
ENSG00000110075.14	4.16716118396835	6	0.654066504653008	0.999999999795678
ENSG00000110429.14	6.2262669834181	6	0.398326884046946	0.864820608873331
ENSG00000107331.17	14.66428646844	15	0.475858551919837	0.924241801728346
ENSG00000165802.23	0.541000975950738	3	0.909795633022302	0.999999999795678
ENSG00000110719.10	9.23691346593841	9	0.415698809870554	0.878815545676044
ENSG00000110721.12	6.11635669805401	3	0.106084425554326	0.425837881860511
ENSG00000105865.11	3.36411815414613	6	0.761951545000982	0.999999999795678
ENSG00000008277.14	12.0830092527267	6	0.0601423841785825	0.305306392320456
ENSG00000006634.8		6	1	
ENSG00000075142.14	6.3620766706008	12	0.896741585514985	0.999999999795678
ENSG00000127993.16	5.90318570246154	6	0.43412231611362	0.893986238830592
ENSG00000105810.10	13.2693968721925	3	0.00408880102403693	0.0518812684811798
ENSG00000001629.10		3	1	
ENSG00000006715.16	23.8915908994331	9	0.00447603415838306	0.0545690412709165
ENSG00000011426.11	1.1045655506241	3	0.775972057410481	0.999999999795678
ENSG00000106682.14	3.78492304775864	3	0.285644710537764	0.742456450249968
ENSG00000006704.10	0.785456624940707	6	0.992457957772442	0.999999999795678
ENSG00000158856.18	8.52268320983421	6	0.202254402249844	0.617077784515337
ENSG00000104611.12	3.46672146270794	6	0.748391868969779	0.999999999795678
ENSG00000120913.23	13.3720837091241	6	0.0374933659875691	0.225154605971276
ENSG00000048405.10	2.68371223064332	3	0.443002330300726	0.900556642865592
ENSG00000110675.13	1.81336550484798	3	0.61203078023334	0.999999999795678
ENSG00000105963.15		3	1	
ENSG00000122512.16	0.664909599752718	3	0.881424850462321	0.999999999795678
ENSG00000002822.15		3	1	
ENSG00000239857.7	0.63663098525285	3	0.887997690077825	0.999999999795678
ENSG00000096746.17	10.5033273340086	9	0.311293561834552	0.774456790744255
ENSG00000122912.15	6.01248961681404	6	0.421792440151875	0.884041187257304
ENSG00000060339.14	21.5526468972748	9	0.0104102011142819	0.0956865084279859
ENSG00000104549.12	4.88926229791105	3	0.180087826693411	0.578206737031081
ENSG00000120451.10	17.9871466791546	3	0.000442542613318544	0.00982929579773543
ENSG00000165219.22	6.45290189352818	12	0.891554664585529	0.999999999795678
ENSG00000119487.17	13.6115893903043	12	0.326195757550893	0.788687446008078
ENSG00000110768.12	9.17022251465096	9	0.421711971787112	0.884041187257304
ENSG00000129158.11	29.0817492566002	6	5.87075252539918e-05	0.00184473607455082
ENSG00000011405.13	0.246839590498894	3	0.969695415484256	0.999999999795678
ENSG00000051009.11		12	1	
ENSG00000110315.7	7.48324823549956	6	0.278456180219987	0.735575569848241
ENSG00000119912.17	0.811382315729134	3	0.846742641312445	0.999999999795678
ENSG00000095564.14	3.28354903675972	6	0.772508673928598	0.999999999795678
ENSG00000119977.21		6	1	
ENSG00000204209.13	0.559799492526508	6	0.997032881003521	0.999999999795678
ENSG00000016864.18	10.0482050492938	6	0.122636623902959	0.468939704134617
ENSG00000004534.15	28.8276293630988	9	0.000692871596448343	0.0140779700060319
ENSG00000114378.17	1.92487147789507	3	0.58814537362263	0.991906499679356
ENSG00000101191.17	9.68594383003074	6	0.138515938068278	0.499977163811009
ENSG00000125520.14	15.0759090736101	9	0.0888718770215967	0.38343086235929
ENSG00000203880.12	16.7675334628657	9	0.0524832944795502	0.278821801012918
ENSG00000100225.18	2.18706568292691	6	0.901715228468306	0.999999999795678
ENSG00000241878.11	74.228290149651	15	7.80245563815315e-10	1.54279287459775e-07
ENSG00000119718.11	0.78962851443066	3	0.851946113875438	0.999999999795678
ENSG00000242114.6	0.64224253748398	3	0.8866974028533	0.999999999795678
ENSG00000087470.18	19.5959919675952	12	0.0751248859887279	0.345832395382395
ENSG00000139133.7	19.7885325202087	6	0.00301984480738216	0.0423561969782822
ENSG00000139154.16	4.49287934326276	9	0.876089695985077	0.999999999795678
ENSG00000139163.16	49.2984277258402	9	1.45911725028926e-07	1.23219411959323e-05
ENSG00000139168.8	5.02885029387835	6	0.540118213793096	0.960881799258422
ENSG00000139173.10	11.4370463417245	6	0.0757723788928483	0.34705461903069
ENSG00000139178.11	13.9547369632564	12	0.303608038081883	0.766850908694932
ENSG00000139180.11	2.14543627694366	6	0.905848506355531	0.999999999795678
ENSG00000139182.15	7.16162129950408	3	0.0669209278386791	0.324672628359169
ENSG00000139187.10	6.44650549832636	6	0.375072015885422	0.84183522502301
ENSG00000139197.11	2.13383862127375	6	0.906986955505041	0.999999999795678
ENSG00000139218.18	23.9154975839265	9	0.00443692569842522	0.0545002373289898
ENSG00000139266.6	4.20565740115489	6	0.648867608167661	0.999999999795678
ENSG00000139291.14	5.78374225243351	6	0.447846366998001	0.902932230105147
ENSG00000111605.18	21.1817352592843	9	0.0118674807851823	0.103786048247544
ENSG00000072041.17	1.33601474323677	3	0.720599300457873	0.999999999795678
ENSG00000139344.8		3	1	
ENSG00000139350.12	23.3025522451881	9	0.00555142330909525	0.0625944210943465
ENSG00000238105.7	5.95681697773398	12	0.918243203095131	0.999999999795678
ENSG00000139354.11	1.1397904795258	6	0.979754169292157	0.999999999795678
ENSG00000139370.12	9.99529501150027	6	0.124850296638934	0.473103134200878
ENSG00000139372.15	1.85516576229202	3	0.60300444722914	0.999999999795678
ENSG00000123374.11	0.315048624412157	3	0.957173835569152	0.999999999795678
ENSG00000139531.13	2.53048410974225	6	0.865040529145317	0.999999999795678
ENSG00000139546.11	1.35891145570349	6	0.968310112644594	0.999999999795678
ENSG00000139579.13	2.66208646771702	3	0.446708798886608	0.902209325504168
ENSG00000139613.12	47.7365075054004	6	1.33386345302671e-08	1.71644936725199e-06
ENSG00000244754.9	25.8749471212541	6	0.000234906329576395	0.00581425969564657
ENSG00000139625.13	7.18493904870957	9	0.617871330744759	0.999999999795678
ENSG00000139631.18	22.2810731352474	18	0.219745124772294	0.643363570433003
ENSG00000065361.16		3	1	
ENSG00000139636.15	28.4517275280969	9	0.000801391775420225	0.0158075015166223
ENSG00000139637.14	14.1309443084319	3	0.00273222628541598	0.0392733306664314
ENSG00000139641.13	9.3079315906798	3	0.025464925032247	0.174361610841576
ENSG00000139644.13	5.62973153125495	6	0.46591759796742	0.917083470314264
ENSG00000184047.20	2.20022745159804	3	0.5319035717279	0.956765532726444
ENSG00000139697.14	1.96253967119037	3	0.580218025898472	0.986541010058496
ENSG00000139718.10	0.36656635171812	3	0.94705911439577	0.999999999795678
ENSG00000139719.11	20.9935321285029	9	0.012679170555127	0.10842830769031
ENSG00000139725.8	0.277741661440814	3	0.964158831729441	0.999999999795678
ENSG00000139734.19	1.38389131293297	3	0.709315003409815	0.999999999795678
ENSG00000139746.16	10.7335182317947	6	0.0969698780155712	0.403352899472671
ENSG00000088448.14	8.84172239823238	6	0.182677114294703	0.583745906814017
ENSG00000139880.19	5.2839307617287	6	0.507946139414878	0.94410855980886
ENSG00000092330.18	0.837714655703167	6	0.991024090957861	0.999999999795678
ENSG00000187790.11	1.76509668176823	6	0.939985880489086	0.999999999795678
ENSG00000139974.16	17.0049197725202	12	0.149412338299532	0.521895938385815
ENSG00000140006.11	8.69467438375614	6	0.191491429482487	0.600317486007164
ENSG00000140043.11		9	1	
ENSG00000140044.13	6.54061050357268	6	0.365424882325082	0.831462116477531
ENSG00000100605.17	11.081235257283	6	0.0858979727773158	0.37499992746672
ENSG00000140092.14	1.15719499280749	6	0.978946178311485	0.999999999795678
ENSG00000100815.12	16.4043006792926	6	0.0117408260792131	0.103235224538157
ENSG00000137871.20		9	1	
ENSG00000140262.18	11.3174245400551	12	0.501929003093071	0.940267705237434
ENSG00000140263.15	3.35919940203166	6	0.76259848977487	0.999999999795678
ENSG00000140299.13	16.9457249668703	6	0.00948479649549639	0.0895148372398012
ENSG00000051180.17	25.4388943139202	12	0.0128746766999785	0.109407761013339
ENSG00000140307.11	5.26307956909295	9	0.810798391662901	0.999999999795678
ENSG00000140319.11	3.25007390836254	3	0.354652093047258	0.819135190408582
ENSG00000140350.15	1.69442948355572	6	0.945550511486287	0.999999999795678
ENSG00000140365.16	2.83929742500186	6	0.828729593966947	0.999999999795678
ENSG00000140367.12	4.4335991705284	3	0.218290112778306	0.641187660975987
ENSG00000140374.16	19.1279725983186	6	0.00395287844814024	0.05119167025411
ENSG00000140391.15	2.1733728342806	3	0.5372121174162	0.960356303554987
ENSG00000140400.17	0.142950085733901	3	0.986226416864054	0.999999999795678
ENSG00000140416.23	2.20043611433357	6	0.900372363606424	0.999999999795678
ENSG00000140451.13	23.6616641961809	12	0.0226058797383504	0.159500319441955
ENSG00000140455.17	37.598912781923	12	0.000178543495584382	0.00459508609111931
ENSG00000140463.14	1.1261760180123	3	0.770759140586577	0.999999999795678
ENSG00000140464.20	43.2689212773166	15	0.000143005144572191	0.00389041176861326
ENSG00000213614.10	2.25856646327884	6	0.894449204665157	0.999999999795678
ENSG00000140497.16	2.1622208083063	3	0.539427975543621	0.960881799258422
ENSG00000140521.16	4.37636445575117	6	0.625884282713866	0.999999999795678
ENSG00000140534.14	0.237653245666479	3	0.971293387148541	0.999999999795678
ENSG00000140543.15		3	1	
ENSG00000140545.15	9.574358698369	6	0.143759255872252	0.511634427117321
ENSG00000140548.10		3	1	
ENSG00000140575.13	2.68462030439696	3	0.442847242871374	0.900556642865592
ENSG00000140577.16	1.41065334909581	3	0.703039438010871	0.999999999795678
ENSG00000140691.18	4.12172640378549	6	0.660207546878752	0.999999999795678
ENSG00000140718.21	18.0449197159178	12	0.114333395597671	0.449418478669291
ENSG00000140740.11	6.55844109205646	6	0.363616651361539	0.829638650484069
ENSG00000140743.8	3.12417418170844	3	0.372873369110139	0.839690112048861
ENSG00000140829.12	0.83695091552363	3	0.840609959392593	0.999999999795678
ENSG00000140830.9	7.45351518949428	3	0.0587649524099626	0.300193742399223
ENSG00000140836.17	1.86688439389548	3	0.600489398561216	0.9997032635615
ENSG00000140876.11	1.68763522307199	6	0.94607185363697	0.999999999795678
ENSG00000140939.14	0.936658881779294	6	0.987899842622575	0.999999999795678
ENSG00000140948.13	4.81758813587294	6	0.567412833911572	0.976561197245107
ENSG00000103343.13	13.35900854801	9	0.147022924297646	0.517324152465719
ENSG00000140990.15	0.203148366883397	3	0.977079450519482	0.999999999795678
ENSG00000140992.19	20.6972935282984	9	0.0140644507100321	0.114149567536175
ENSG00000141013.17	2.69316702941978	3	0.441389735333904	0.899209500740321
ENSG00000197912.16	14.1799003305459	3	0.00267022853111074	0.0387254788939441
ENSG00000141027.21	31.0850923439866	9	0.000286244250487119	0.00682524158440904
ENSG00000141034.10		3	1	
ENSG00000178773.15	23.9959147155169	12	0.0203670694939991	0.148735860911837
ENSG00000109118.14	2.16640843132154	3	0.538595133039602	0.960356303554987
ENSG00000087111.21	2.63289462633111	3	0.451751856045673	0.905869373889163
ENSG00000141068.14	7.349456254904	9	0.600785650194234	0.999738881174653
ENSG00000141098.13	4.52808566764361	6	0.605595724054013	0.999999999795678
ENSG00000141127.15	0.873369080894918	3	0.831849236462105	0.999999999795678
ENSG00000141179.14	32.1244987961895	6	1.54449157216617e-05	0.000662496993415405
ENSG00000141258.13	11.4221547758534	12	0.49312768734557	0.935870015840943
ENSG00000141298.19	18.672829474267	9	0.0281230148803478	0.186269020943611
ENSG00000141349.8	1.73240428877762	3	0.629753772895181	0.999999999795678
ENSG00000141367.12	5.96284608195128	9	0.743630988438428	0.999999999795678
ENSG00000141380.14	7.33681009037173	6	0.29081887341059	0.748502619375075
ENSG00000170558.10	2.37432843266834	3	0.498431266141398	0.938404013049632
ENSG00000141401.12	5.54018944421841	3	0.136254506707772	0.495121150103052
ENSG00000141404.16	3.44096588328193	6	0.751806644288593	0.999999999795678
ENSG00000141428.17	5.87453139479112	6	0.437391070743816	0.895956888835721
ENSG00000141429.13	13.7244075509552	3	0.00330532450662953	0.0451876319987278
ENSG00000141446.11	1.53312300371044	3	0.674646926849988	0.999999999795678
ENSG00000053747.16	16.9755470512487	9	0.0491002866704403	0.267510768842244
ENSG00000141449.14	0.496465658017769	3	0.919667202272762	0.999999999795678
ENSG00000141452.10	15.9466419872169	3	0.0011629081301699	0.0206747723931741
ENSG00000141458.13	9.06609676935841	6	0.169894817607277	0.564020182777312
ENSG00000141480.18	4.35496012611839	3	0.22559814126341	0.654280934021183
ENSG00000141504.12	0.8591548800905	3	0.835271774833951	0.999999999795678
ENSG00000141510.18	41.0027321467642	9	4.99621939549038e-06	0.000253152191495253
ENSG00000141519.15		15	1	
ENSG00000141522.12	0.225102997152135	3	0.973438556862889	0.999999999795678
ENSG00000141542.11	3.86635779910466	9	0.919986150142728	0.999999999795678
ENSG00000141551.14	1.59320082558406	6	0.953064967350915	0.999999999795678
ENSG00000141560.15		3	1	
ENSG00000141570.11	2.63462903743493	3	0.451450946304526	0.905749163875191
ENSG00000141574.8	7.45999098553511	3	0.0585954152572605	0.300134145312164
ENSG00000141577.14	13.3939579307644	12	0.341067993323285	0.804413913792274
ENSG00000141582.15	10.3736940828603	3	0.0156426432671386	0.123001851568082
ENSG00000141627.14	11.855067695833	9	0.221603783188407	0.646936215451355
ENSG00000141642.9	6.25500828584336	6	0.395238673773264	0.863096489269252
ENSG00000141644.17	10.2959681491993	12	0.59001294566786	0.992893838783514
ENSG00000141664.10	6.8869562904647	6	0.331428138511522	0.792794475177161
ENSG00000141736.13	14.3752441420147	6	0.0257141129458615	0.175770922134991
ENSG00000186395.8	2.11841598330648	3	0.54819607862917	0.96506505394748
ENSG00000141759.15	4.015188507532	6	0.674620885074571	0.999999999795678
ENSG00000105127.9	10.0597134539748	3	0.0180653096998508	0.137905334968635
ENSG00000141854.9	9.00919348069101	6	0.173061695842899	0.567730353414736
ENSG00000141858.12	2.43165081699408	3	0.487770028810563	0.931092918193369
ENSG00000175221.15	8.14774999444308	3	0.0430548396761656	0.248254328061646
ENSG00000198131.14	14.8784821845184	9	0.0943284018308613	0.396710373843382
ENSG00000141956.14	36.5458797394858	9	3.17096715681417e-05	0.00116850139728602
ENSG00000105676.14	1.40375444610254	6	0.965629628507939	0.999999999795678
ENSG00000142039.4	6.53472929384952	3	0.0883028827776356	0.382409973652934
ENSG00000124459.12	4.40266450857962	9	0.882970864164634	0.999999999795678
ENSG00000130511.16	17.9601410212927	9	0.0356388002700177	0.217563067612224
ENSG00000105771.14	3.01302260138255	6	0.807210589742135	0.999999999795678
ENSG00000142166.13	1.70045399786977	9	0.995368652356793	0.999999999795678
ENSG00000142178.9	1.93398318333857	3	0.586221156767527	0.991396525909837
ENSG00000142186.17	0.189910996345134	3	0.97920133718881	0.999999999795678
ENSG00000185800.12	4.30586090669021	6	0.635360239373838	0.999999999795678
ENSG00000142230.13	1.48173271144333	6	0.960698744280382	0.999999999795678
ENSG00000187244.12	2.87596335013586	3	0.411147170118869	0.874821562945621
ENSG00000142235.11	8.60791481858132	6	0.196858793326981	0.608902799504706
ENSG00000142252.11	4.57202409291494	9	0.869908269176521	0.999999999795678
ENSG00000075702.18	2.56890050211587	6	0.860678310423224	0.999999999795678
ENSG00000142303.14	46.7981203548006	21	0.000999665529060124	0.0184607937223017
ENSG00000142327.13	9.77655246989525	9	0.368875707148985	0.834044603163456
ENSG00000142330.20	1.30331273757565	3	0.728346584599121	0.999999999795678
ENSG00000242779.7	1.78797747799717	9	0.994394000407618	0.999999999795678
ENSG00000180257.14	2.32255170573421	3	0.508214371220468	0.944185028242955
ENSG00000104731.14	23.1612757668372	12	0.0263875497636338	0.178716679978095
ENSG00000142528.16	4.74747362265134	6	0.576585232897329	0.984701176132009
ENSG00000142556.19	0.407050106128054	3	0.938782288096234	0.999999999795678
ENSG00000116213.16	1.98886705932091	3	0.574720600620564	0.983296686141999
ENSG00000142632.17	20.0203017981439	12	0.0667028943988309	0.324375514609243
ENSG00000142686.8	1.51597775441769	3	0.678587613156069	0.999999999795678
ENSG00000142694.6	0.99273508095871	3	0.803009846865337	0.999999999795678
ENSG00000142731.11	27.3248639861522	9	0.00123571819846745	0.0216370786932518
ENSG00000142856.17	1.76572394915274	3	0.622422039115755	0.999999999795678
ENSG00000143079.15	4.71903366988681	3	0.193565477581738	0.603435931585965
ENSG00000143106.13	1.43637395802944	3	0.697031058184412	0.999999999795678
ENSG00000143126.8	1.60269616410915	3	0.658778637195751	0.999999999795678
ENSG00000143147.14	2.1157386906707	3	0.54873528717016	0.965616881503904
ENSG00000213064.10	21.0808128681085	6	0.00177427369813657	0.0285397556960182
ENSG00000143190.23		3	1	
ENSG00000143228.13	2.77406263666489	6	0.836623031716792	0.999999999795678
ENSG00000117143.13	5.39663019452564	6	0.494037321853422	0.935908593147587
ENSG00000143337.18	2.02923648271826	3	0.566360792031002	0.976561197245107
ENSG00000143363.17	9.80804486356647	9	0.366247547223335	0.831467058342082
ENSG00000143379.12	2.5953740965997	9	0.978207552560014	0.999999999795678
ENSG00000143382.15	1.94115155846839	3	0.584710305482878	0.990570702186443
ENSG00000143418.20	0.981994949193904	3	0.805608533324728	0.999999999795678
ENSG00000143442.22		12	1	
ENSG00000143457.11	3.33372606303146	3	0.342976121832134	0.806250607903081
ENSG00000143537.14	3.48399164706643	3	0.322844293351916	0.784797207257566
ENSG00000143549.21	7.06598707381636	6	0.314787868110652	0.777052806796212
ENSG00000143554.14	4.51756176404342	6	0.606997754096345	0.999999999795678
ENSG00000143569.19	7.31362614822865	6	0.292814400639938	0.751455000312751
ENSG00000116580.18	7.67215755894449	9	0.567492197645652	0.976561197245107
ENSG00000143578.16	28.5880309310851	12	0.00453398407353652	0.0551079593465675
ENSG00000143727.16	0.631020865403116	3	0.889295565452462	0.999999999795678
ENSG00000143772.9	19.7742440650345	6	0.00303754204608756	0.0424575058062618
ENSG00000143793.13	7.25241946754613	3	0.0642729968431778	0.317225733352356
ENSG00000143815.15	7.22237822736497	3	0.065137647870755	0.319849128581593
ENSG00000143819.12	3.93275041907327	6	0.685776792548766	0.999999999795678
ENSG00000143842.15	8.04547844977606	6	0.234790343026902	0.669284567833717
ENSG00000143889.16	24.9083019204081	12	0.0152634298849952	0.121195520154414
ENSG00000143891.17	0.237041748065167	3	0.97139893703121	0.999999999795678
ENSG00000122026.10	2.6159942727536	6	0.855266885947163	0.999999999795678
ENSG00000143947.14	4.12660671118647	3	0.248113439367394	0.692173314849093
ENSG00000143952.20	10.5056579422803	6	0.104909948256614	0.423347411904613
ENSG00000143995.20	10.7191332154789	6	0.0974546088030388	0.404381366810847
ENSG00000144021.3	3.44088758347789	6	0.751817014886522	0.999999999795678
ENSG00000144029.12	0.926461257127812	3	0.819037855602806	0.999999999795678
ENSG00000144040.13	3.21133027526139	6	0.781893431104727	0.999999999795678
ENSG00000144043.12	1.4433324239144	3	0.695409538085634	0.999999999795678
ENSG00000144118.14	0.385430972733957	3	0.943235396137258	0.999999999795678
ENSG00000144120.13	1.62759745714357	6	0.950572872680377	0.999999999795678
ENSG00000144152.13	0.0963408621255439	3	0.992272889771188	0.999999999795678
ENSG00000144161.13	21.8292183156991	6	0.00130024044040897	0.0224755847556407
ENSG00000144199.12	2.73814438780937	3	0.43378392674739	0.893694102704216
ENSG00000144224.17	4.87324178469862	6	0.560170762974527	0.971853640598383
ENSG00000144231.11	13.4978537647476	9	0.141342162254603	0.506122309804801
ENSG00000144306.15	16.0564772743292	9	0.0657115206162599	0.321887188903939
ENSG00000115935.17	12.2559270427901	6	0.0564969428994845	0.293414936634286
ENSG00000144320.14	6.31031836062266	3	0.0974508573069265	0.404381366810847
ENSG00000144357.17	6.26601503897109	6	0.3940602377061	0.862252725258664
ENSG00000144401.14	0.530579397554902	3	0.912123684225974	0.999999999795678
ENSG00000144476.6	4.64411395066463	3	0.199790267428214	0.613955835811242
ENSG00000184182.19	16.496871167401	9	0.0572031663571126	0.29570509952327
ENSG00000144485.11	3.09000666896418	3	0.37795502904522	0.844081825060492
ENSG00000144504.15	11.0195609560533	9	0.274370515813946	0.729540119466787
ENSG00000144535.20	12.6424708954019	9	0.1794625042377	0.576971468270427
ENSG00000144559.10	3.22779604620337	6	0.779760701223602	0.999999999795678
ENSG00000144560.15	4.7076661146084	6	0.58181569152523	0.987667386273506
ENSG00000144566.11	7.7999160735053	3	0.0503329907086197	0.271309544996529
ENSG00000144567.11	12.0371804424867	9	0.211221358199235	0.631605847287547
ENSG00000144579.7	16.0682008473377	6	0.0133925499618963	0.111586230771935
ENSG00000114923.17	2.07402975870895	3	0.557184560927118	0.969749943202264
ENSG00000144580.14	8.13573547363922	9	0.520527439011873	0.950985646027984
ENSG00000123992.19	30.0725027331864	18	0.0367475453087645	0.222654969968725
ENSG00000144635.9	0.0186975275901204	3	0.999323823126972	0.999999999795678
ENSG00000144655.15	1.09349811077482	3	0.778643892989532	0.999999999795678
ENSG00000144677.15	2.37489728579112	6	0.882197528742675	0.999999999795678
ENSG00000144681.10	8.07197177751368	6	0.232877762614153	0.665654641627076
ENSG00000144711.16	1.79919790729173	6	0.937209086094149	0.999999999795678
ENSG00000144713.13	2.57475796015933	6	0.86000903065242	0.999999999795678
ENSG00000144749.14	5.45943457149679	3	0.141085111633404	0.505807153235995
ENSG00000257727.6	2.08708658901742	9	0.990014315882094	0.999999999795678
ENSG00000144791.10	7.17212067768378	6	0.30522261827126	0.768088995129103
ENSG00000144815.16	11.1207855058819	9	0.267520517308856	0.720214488350852
ENSG00000144827.9	3.56613342775745	3	0.312285586399774	0.774456790744255
ENSG00000144840.10	26.7137804359354	12	0.00849429707734391	0.0836032062624729
ENSG00000144895.12	3.99871858998085	12	0.983459503074913	0.999999999795678
ENSG00000114125.14	0.131200489558978	3	0.987846753784078	0.999999999795678
ENSG00000144935.15	1.48859615828087	3	0.684904821208001	0.999999999795678
ENSG00000240682.10	15.2714803216732	9	0.0837437447883193	0.369776982025547
ENSG00000167996.16	0.130332438275218	6	0.999956073658686	0.999999999795678
ENSG00000145016.16	0.77993918568734	3	0.854259050805361	0.999999999795678
ENSG00000248487.9	1.62867481662397	6	0.950493790831976	0.999999999795678
ENSG00000145029.14	9.53392566557341	12	0.656775405563657	0.999999999795678
ENSG00000145088.9	2.25215199118702	3	0.521749233414962	0.950985646027984
ENSG00000145214.14		3	1	
ENSG00000145241.11	16.0122088524877	12	0.190677514101543	0.599129778111322
ENSG00000145246.14	0.00844371612856776	3	0.999794164920855	0.999999999795678
ENSG00000145247.12	3.02186767450621	6	0.806097244005422	0.999999999795678
ENSG00000145293.16	2.63625550194774	6	0.852917690568369	0.999999999795678
ENSG00000145331.14	5.81748832654239	9	0.758036773218413	0.999999999795678
ENSG00000145332.14	0.915591984098228	3	0.821663567123445	0.999999999795678
ENSG00000145348.17	5.12003720972064	3	0.163215513873983	0.550182191674171
ENSG00000145354.12	4.66994414800865	6	0.586786595911441	0.991396525909837
ENSG00000138660.12	7.96420532133016	9	0.537757462803644	0.960356303554987
ENSG00000145391.13	4.64732131402525	3	0.19952000859798	0.613918284836379
ENSG00000145414.9	7.64202792824653	6	0.265519436641443	0.717282929974068
ENSG00000145495.16	67.9296346650372	12	7.79821320293343e-10	1.54279287459775e-07
ENSG00000145506.14	7.39484394423016	9	0.596082444197349	0.996963301891221
ENSG00000145545.12	3.59417098845734	6	0.731401417494337	0.999999999795678
ENSG00000145555.15	0.452212896612764	3	0.929257357172739	0.999999999795678
ENSG00000145592.14	2.02393202856183	3	0.567454410634488	0.976561197245107
ENSG00000145604.16	3.84146254276311	3	0.279100037420026	0.736452577794896
ENSG00000145623.13	0.408525633225509	3	0.938475721876723	0.999999999795678
ENSG00000145632.15	23.9238870632398	3	2.59108361069192e-05	0.000992240633214862
ENSG00000152684.11	11.9212346841032	3	0.00765790563577253	0.0784061112555688
ENSG00000145715.15		6	1	
ENSG00000145736.14	2.76779307650941	6	0.837375811659783	0.999999999795678
ENSG00000145779.8	0.495519096712087	3	0.919874738018003	0.999999999795678
ENSG00000145781.9		3	1	
ENSG00000145817.17	17.7648481986544	9	0.0380018303380878	0.227030831651347
ENSG00000145860.12	17.5545462156078	6	0.00744738295433736	0.0768141648992532
ENSG00000133706.19	7.34233348252019	6	0.290345003006262	0.748502619375075
ENSG00000145908.12	1.16878143645226	3	0.760501132344639	0.999999999795678
ENSG00000145912.9	1.88904999895021	3	0.595750935629675	0.996647303992938
ENSG00000145996.11	3.66302330321014	6	0.722168830525319	0.999999999795678
ENSG00000124532.15	1.872666056257	3	0.599251055693159	0.998382307543041
ENSG00000146054.18	1.15575278998222	3	0.76363498173905	0.999999999795678
ENSG00000146083.12	8.84871135927824	3	0.0313714676128081	0.198940572434227
ENSG00000240370.6		6	1	
ENSG00000146112.12	5.83965541234284	9	0.755852847873858	0.999999999795678
ENSG00000146143.19	1.0153492058962	3	0.797537970792683	0.999999999795678
ENSG00000118418.14	1.52304812584771	3	0.676961142304481	0.999999999795678
ENSG00000146263.11	13.6756422972621	9	0.134340087402519	0.490141804037904
ENSG00000135535.17	0.147055741486838	3	0.985646334880276	0.999999999795678
ENSG00000146416.19	12.3063379907871	6	0.0554734795558298	0.289770295592211
ENSG00000112531.17	7.10120961542179	9	0.626582760502081	0.999999999795678
ENSG00000146535.14	0.0363224414813885	3	0.998178815778609	0.999999999795678
ENSG00000146674.15	2.94547404321929	6	0.815658664975311	0.999999999795678
ENSG00000243335.9	9.59904223806188	6	0.142584626348472	0.508998906418536
ENSG00000146707.14	2.86921492151441	3	0.412232282487253	0.876236789230246
ENSG00000146731.11	4.5611261544982	3	0.206902349519418	0.624714095923249
ENSG00000146733.14	5.61774152096768	9	0.777482323954559	0.999999999795678
ENSG00000129103.19	4.01709634008876	3	0.25962394204122	0.710747462313208
ENSG00000146830.10	2.21569791988622	3	0.528862992914163	0.954552444230318
ENSG00000146856.14	4.65491406266256	3	0.198881582670716	0.613072144469198
ENSG00000146909.8	3.57121317503152	9	0.937305976688375	0.999999999795678
ENSG00000186787.8		9	1	
ENSG00000102225.16	30.2507222199201	12	0.00255963387337563	0.0375332775718485
ENSG00000147123.11	0.468094297684729	3	0.925842913138783	0.999999999795678
ENSG00000147133.16	13.3826584591461	9	0.146041931689505	0.514989969641937
ENSG00000147140.16	0.870776877854951	3	0.832473671373477	0.999999999795678
ENSG00000147155.11	3.84232781169703	3	0.279000936657426	0.736452577794896
ENSG00000147164.12	0.925844651879743	3	0.819186842157793	0.999999999795678
ENSG00000125351.12	0.62455642009445	3	0.89078844440142	0.999999999795678
ENSG00000147324.11	6.57863030389035	6	0.361576806929537	0.827514591791538
ENSG00000147437.10	1.6850513702525	3	0.640262316380844	0.999999999795678
ENSG00000147439.13	6.81070089095465	3	0.0781824854880995	0.355084263222422
ENSG00000120889.13	50.3062292984178	6	4.08124275925099e-09	6.48757549985251e-07
ENSG00000147459.18	6.13181531225928	6	0.408587340080595	0.87219053978407
ENSG00000147509.14	15.3612870985144	9	0.0814781886684372	0.364038376391918
ENSG00000147526.20	5.80051525357249	6	0.445903593150434	0.901774786239736
ENSG00000147536.12	16.580459194196	9	0.0557058974143332	0.290609852212355
ENSG00000104442.10	5.78203170538109	3	0.122710056928506	0.468939704134617
ENSG00000147586.10	2.10123928854591	6	0.910156005023222	0.999999999795678
ENSG00000147592.9	13.1421433131691	3	0.00433908155632184	0.0537866105152274
ENSG00000147601.14	3.0567929643039	3	0.382951436411495	0.849405092160391
ENSG00000147642.17	28.6867262146325	9	0.000731754748055923	0.0146839993625974
ENSG00000147650.11	5.12148345368905	3	0.163114621142639	0.550182191674171
ENSG00000147677.11	1.20355134818237	6	0.976708936962577	0.999999999795678
ENSG00000147687.19	4.19638429576298	6	0.650119522538685	0.999999999795678
ENSG00000189376.12	5.36057692322538	3	0.147219591393872	0.517621399047545
ENSG00000147804.10	1.06071267009247	6	0.983205698977441	0.999999999795678
ENSG00000147854.17	37.5121250773591	12	0.000184451031370515	0.00471717511457655
ENSG00000147883.12	17.6046871842464	6	0.00729990307658124	0.0754850946962298
ENSG00000147912.13		3	1	
ENSG00000148019.14	2.2310884334438	6	0.897266096135916	0.999999999795678
ENSG00000083223.18	2.23518758070259	9	0.987179128102758	0.999999999795678
ENSG00000048828.17	0.268792099115672	3	0.965786849236265	0.999999999795678
ENSG00000148120.16	5.34071967318596	9	0.803653206773662	0.999999999795678
ENSG00000148331.12	1.69054182432956	3	0.639038607997722	0.999999999795678
ENSG00000148337.21	0.357333887775894	3	0.948908173910367	0.999999999795678
ENSG00000148396.18	10.3405401715791	9	0.323626407868287	0.785520745086288
ENSG00000148399.13	37.3814491898011	12	0.000193708258894692	0.00490747767143521
ENSG00000148426.13	8.92519326916954	6	0.17782906503572	0.575053941062858
ENSG00000148481.14	0.807898859837223	3	0.847576812400055	0.999999999795678
ENSG00000108187.16	3.47617124596161	3	0.323865806142061	0.785676471218514
ENSG00000148634.15	0.230159546474169	3	0.972579646900005	0.999999999795678
ENSG00000148688.14	4.1087106354862	6	0.661967604637628	0.999999999795678
ENSG00000099204.20	0.356450783448963	3	0.949084246786835	0.999999999795678
ENSG00000148700.15	6.12386851703286	3	0.105736833785125	0.424991825233518
ENSG00000148737.17	2.91115163604104	3	0.405527675362133	0.869508824163135
ENSG00000148803.12	2.74339398713346	6	0.840295336184439	0.999999999795678
ENSG00000148840.11	5.01289209551214	3	0.170855552154395	0.564896395316346
ENSG00000148841.17	0.0981491235679641	3	0.992058607334372	0.999999999795678
ENSG00000107949.17	2.47388434180175	6	0.871378897956173	0.999999999795678
ENSG00000148925.11	0.238462461576091	3	0.971153550162474	0.999999999795678
ENSG00000148950.11	1.30516454005556	6	0.971372160129335	0.999999999795678
ENSG00000110619.18	34.189787119627	9	8.2732166980625e-05	0.00243010752794176
ENSG00000148985.20	33.7366167912405	18	0.0135723394383126	0.112230551780753
ENSG00000149016.16	3.00581330270688	6	0.808116846092958	0.999999999795678
ENSG00000213593.10	0.708904933591839	3	0.871107446944298	0.999999999795678
ENSG00000149150.9	12.2031912493844	6	0.0575863673112958	0.296602719055067
ENSG00000149179.14	10.7520240434642	6	0.096349497437588	0.401596594203869
ENSG00000149231.15	40.4108763536969	15	0.000393027862111503	0.00887542305888011
ENSG00000078124.12	9.28616894628067	6	0.158112207658784	0.541078795901123
ENSG00000149269.10	19.6211874938526	15	0.186950898833646	0.591942797135938
ENSG00000149273.15	33.4006943805143	9	0.000113708830686994	0.00317874996682571
ENSG00000149308.17	25.0592668861832	6	0.000332933484826942	0.00782345438113629
ENSG00000149311.19	42.9672442059109	15	0.000159305357990824	0.00419958935447938
ENSG00000149313.11	7.14607651955885	6	0.307549255315215	0.77064063696051
ENSG00000101333.16	4.05519618093422	12	0.982419651445535	0.999999999795678
ENSG00000088876.13	2.0103478768815	3	0.57026174427791	0.979058017971414
ENSG00000088826.18		6	1	
ENSG00000149483.12	21.0040718446835	9	0.0126323540716393	0.108395281515042
ENSG00000221968.9	0.0396271598583553	3	0.997926752649932	0.999999999795678
ENSG00000149489.9	0.990004142608996	6	0.985988407502499	0.999999999795678
ENSG00000149499.12	25.2856204328709	12	0.0135259120034128	0.112230551780753
ENSG00000149503.13	2.44404837654838	3	0.48548770417938	0.928762861070039
ENSG00000133316.15	2.43307111713511	3	0.487508135903861	0.930812166220583
ENSG00000101004.15	2.51447782552987	3	0.472680297236176	0.921379939815744
ENSG00000168000.14	9.3442937631844	9	0.406118823390911	0.869626334186508
ENSG00000149547.15	0.549708616483258	3	0.907842527225852	0.999999999795678
ENSG00000149554.13	32.9446038440365	15	0.00477738798165839	0.0567061264528617
ENSG00000149564.12	9.01227884132459	6	0.172888694286144	0.567682723603794
ENSG00000110274.16	5.5754262770206	9	0.781543598203326	0.999999999795678
ENSG00000149577.16	2.78860287583302	3	0.42537952476135	0.886061615426583
ENSG00000149591.17	52.1865573858599	9	4.16756070436012e-08	4.504855284033e-06
ENSG00000149600.11	2.47720050527823	3	0.479425557311841	0.926580512635038
ENSG00000101335.10	0.389785900115385	3	0.942344312306207	0.999999999795678
ENSG00000149657.20	2.36305993143469	6	0.883467632416878	0.999999999795678
ENSG00000149716.13	3.91950321271906	6	0.687568986256454	0.999999999795678
ENSG00000149761.9	2.86676201583032	6	0.825374262670396	0.999999999795678
ENSG00000149782.12	3.7632197998646	6	0.708682596109452	0.999999999795678
ENSG00000149792.9	2.28690416207974	3	0.515034363357015	0.948710557425132
ENSG00000014216.16	0.879465197362151	3	0.830380287338704	0.999999999795678
ENSG00000149806.11	0.0436648996546865	3	0.997604834204842	0.999999999795678
ENSG00000149809.16	4.79440246439822	6	0.570440144538443	0.979156945113944
ENSG00000149823.9	7.89412097007153	6	0.245963383187279	0.689883016450437
ENSG00000149923.14	1.09421584165102	3	0.778470582863671	0.999999999795678
ENSG00000149929.16	2.768677024098	6	0.837269740369275	0.999999999795678
ENSG00000149930.18	17.106681833362	9	0.0470713246582771	0.260305067533869
ENSG00000149932.17	1.48764574919915	9	0.997237386485607	0.999999999795678
ENSG00000150316.12	8.40580300605507	9	0.49382386823827	0.935908593147587
ENSG00000111647.13	6.11499699539354	6	0.410432218751284	0.874014709066629
ENSG00000150433.9	5.97316537539518	9	0.742600989241843	0.999999999795678
ENSG00000150477.15	1.92839171994228	3	0.58740146571018	0.991396525909837
ENSG00000150510.17	1.17321600312471	3	0.75943512500298	0.999999999795678
ENSG00000150527.17	7.60107817494281	9	0.574792524438995	0.983296686141999
ENSG00000144228.9		3	1	
ENSG00000150593.18	11.0292682669606	9	0.273708081407966	0.7284804385996
ENSG00000150687.12	27.3966624210661	3	4.86118878080228e-06	0.000247952289182208
ENSG00000150753.12	1.04171629296616	3	0.791159269152838	0.999999999795678
ENSG00000150756.14	21.9415949922332	12	0.038179631641598	0.227757375804588
ENSG00000150760.13	7.45018781377075	6	0.281210859526631	0.737896292514945
ENSG00000150768.16	5.65899732767502	3	0.129432120084065	0.480451555641718
ENSG00000150773.10	1.0874008886272	3	0.780116396982488	0.999999999795678
ENSG00000150776.18	20.2618506680828	6	0.00248724620232023	0.036930595168883
ENSG00000150782.12	3.33034300264262	3	0.343441742740047	0.806250607903081
ENSG00000135655.16	2.06366482138765	6	0.913751161399931	0.999999999795678
ENSG00000150961.15	4.99788595939663	3	0.171952010202619	0.566938008210382
ENSG00000150967.18	51.2381018859642	15	7.54438584625884e-06	0.000361907313938582
ENSG00000090975.12		6	1	
ENSG00000151006.7		3	1	
ENSG00000151065.14	0.590664943068987	3	0.898566056730662	0.999999999795678
ENSG00000151092.18	12.1950736244053	9	0.202534088529296	0.617077784515337
ENSG00000151093.8	6.24453481782985	3	0.100300596560861	0.41067522036308
ENSG00000151131.11	2.45308189323441	3	0.483829936797341	0.928380898844035
ENSG00000151135.10	0.836408623141324	3	0.840740198225704	0.999999999795678
ENSG00000151176.8	4.96426675405564	3	0.174432485894555	0.570073127998666
ENSG00000151233.11	5.38740185334746	3	0.145530504353042	0.51408095807848
ENSG00000151247.12	16.6379236035427	9	0.0546973331327609	0.286454315056391
ENSG00000038274.17	0.219623160017363	3	0.974360957710712	0.999999999795678
ENSG00000151327.12	3.29888680184376	6	0.770505697909206	0.999999999795678
ENSG00000151353.15	1.20360221467854	6	0.976706414027556	0.999999999795678
ENSG00000151366.13	0.684075047960505	3	0.876943112236362	0.999999999795678
ENSG00000137513.10	0.241336698671148	3	0.970655408409923	0.999999999795678
ENSG00000151422.13	52.6841886366901	9	3.35481964543337e-08	3.72568806377101e-06
ENSG00000151466.12	1.08169230386011	6	0.982325028570952	0.999999999795678
ENSG00000151470.13	32.6735991379514	9	0.000152198961464806	0.00407220125608971
ENSG00000151491.14	2.3558738818308	3	0.501901535432132	0.940267705237434
ENSG00000151498.12	2.74412431713063	3	0.4327808329651	0.892583621573206
ENSG00000151502.11	1.79029615999934	3	0.617048873555201	0.999999999795678
ENSG00000151552.12	1.00603851866981	6	0.985382375814899	0.999999999795678
ENSG00000151576.10		6	1	
ENSG00000151665.13	0.58029628973236	6	0.996719821855289	0.999999999795678
ENSG00000162869.16	2.85463255328523	6	0.826858393938277	0.999999999795678
ENSG00000118965.15	4.86617917790136	12	0.9622998156861	0.999999999795678
ENSG00000151690.15	17.177747478856	9	0.0460041462829703	0.257033503732626
ENSG00000151693.11	0.51994440205408	3	0.914488366865049	0.999999999795678
ENSG00000151725.12	13.1033121697728	6	0.0414243642219343	0.242649798227761
ENSG00000151726.14	12.9072170310894	3	0.00484161119850375	0.057217116598061
ENSG00000151729.11	0.748931655954948	3	0.861638740798624	0.999999999795678
ENSG00000151743.11	6.45233707223542	12	0.891587328001229	0.999999999795678
ENSG00000102763.18	3.5053089963294	6	0.743263222992301	0.999999999795678
ENSG00000151779.13	1.68829328282482	6	0.946021464716367	0.999999999795678
ENSG00000151806.14	1.30181407444979	6	0.971557577747864	0.999999999795678
ENSG00000151876.13	4.32713911397241	9	0.888592833896023	0.999999999795678
ENSG00000151883.19	27.4149415462452	12	0.0067310339934258	0.0711453619096518
ENSG00000143748.18	1.83618636275423	3	0.607092214806117	0.999999999795678
ENSG00000109670.16	18.5767820533119	9	0.0290418064382398	0.189872519995814
ENSG00000144445.17	0.141117343582891	3	0.986483080283252	0.999999999795678
ENSG00000152127.9	1.08481102941505	3	0.780741969060996	0.999999999795678
ENSG00000123066.9	1.32550026816352	6	0.970232988597505	0.999999999795678
ENSG00000152133.16	6.43145770455158	6	0.376630778841983	0.842747928062839
ENSG00000152147.11	0.640630230602255	3	0.887071210666226	0.999999999795678
ENSG00000152219.5	3.82593789547354	3	0.280883499602829	0.737764740784854
ENSG00000152223.15	3.77208656720291	3	0.287149668702504	0.744220704658312
ENSG00000152253.9	3.97347769661792	3	0.264342338391406	0.715629629238255
ENSG00000152256.14	2.98176596906615	6	0.811131894634263	0.999999999795678
ENSG00000152291.14	0.72196359080408	3	0.868026132736076	0.999999999795678
ENSG00000152332.16	2.46521507485977	3	0.481610310576618	0.926717119677157
ENSG00000152348.16	20.9151162112657	9	0.0130326959105223	0.110408663708527
ENSG00000152413.15		3	1	
ENSG00000152422.16	8.84740225462701	9	0.451478027780886	0.905749163875191
ENSG00000152484.14	7.84299629103134	3	0.049370425316209	0.268162634735931
ENSG00000152503.10	9.36172448126024	3	0.0248488039188187	0.171154845683826
ENSG00000251201.8	2.22765776163396	3	0.526521220095989	0.953930079318061
ENSG00000138032.21	0.323032207003052	3	0.955640110058312	0.999999999795678
ENSG00000137693.14	28.8762429709022	12	0.0041101099745894	0.0519888190816357
ENSG00000152601.17	16.5405806701419	9	0.0564157195662052	0.293180922130273
ENSG00000152620.13		6	1	
ENSG00000164190.19	8.80970249880193	9	0.455022698333859	0.908855145200596
ENSG00000087338.5	8.96132050062761	3	0.0298095965404586	0.192870230768953
ENSG00000152669.9	1.53777022718714	3	0.673580814641162	0.999999999795678
ENSG00000116001.17	37.3878115654006	18	0.00466340736738437	0.0559710579995493
ENSG00000152683.14	4.88280478681736	6	0.558929932119994	0.97111979419134
ENSG00000213949.10	4.27915035061869	3	0.232855941393332	0.665654641627076
ENSG00000043143.20	3.07785870114094	9	0.961127886155002	0.999999999795678
ENSG00000099290.17		6	1	
ENSG00000152804.11	11.5545723468704	6	0.0726761532836348	0.340348322128312
ENSG00000152904.11	4.1703306841373	6	0.653638301408828	0.999999999795678
ENSG00000123094.15	1.17778565456501	3	0.758337010281154	0.999999999795678
ENSG00000152942.19	12.106550296674	9	0.207368958118167	0.625298034451955
ENSG00000152944.9	8.36022312485147	6	0.212882181023947	0.634265285395493
ENSG00000152952.12	2.50334240934535	6	0.868093409227661	0.999999999795678
ENSG00000153029.14	20.4325474855232	9	0.0154227847023135	0.121745390050298
ENSG00000153037.15	8.80681926375837	6	0.184737445888216	0.58891868228755
ENSG00000153044.10	0.819043960444105	3	0.844906755816833	0.999999999795678
ENSG00000153066.12	2.23167061930326	3	0.525737216387325	0.953075047686057
ENSG00000183889.12	24.9233408116197	15	0.0509824736172155	0.273504027011961
ENSG00000058729.11	9.86163218149886	9	0.361802675272647	0.827514591791538
ENSG00000153140.9	11.8152009713813	12	0.46063301965693	0.912152391391972
ENSG00000153147.6	0.225144630934665	3	0.973431515096084	0.999999999795678
ENSG00000115652.15	2.29268725607108	3	0.513923282014261	0.947675515712402
ENSG00000153187.20	6.47270406299504	12	0.890406310072581	0.999999999795678
ENSG00000153214.11	3.4938818331616	3	0.321556493881074	0.783375732432276
ENSG00000153339.14	10.2549498939025	9	0.330242701560689	0.792478416921895
ENSG00000153391.16	10.5146323657991	6	0.104586462548851	0.422462606817905
ENSG00000153395.10	0.874765093714814	3	0.831512902613626	0.999999999795678
ENSG00000153404.14	3.39679333689151	3	0.334396418549044	0.795934164761333
ENSG00000153406.13	3.30945242918097	6	0.769124015243853	0.999999999795678
ENSG00000188818.12	5.57818995123125	6	0.472057214165018	0.921379939815744
ENSG00000153443.13	4.99200377850139	3	0.172383604186445	0.567172840559866
ENSG00000153558.16	38.2820039553781	18	0.00355382621225787	0.0473718955664404
ENSG00000153560.12	0.829942942455091	6	0.991246671778728	0.999999999795678
ENSG00000153767.10	9.6430050224717	3	0.0218576972785346	0.156076471109756
ENSG00000153790.12	1.63148339750569	6	0.950287339779116	0.999999999795678
ENSG00000253293.5	2.35651373799919	9	0.98449660805888	0.999999999795678
ENSG00000153814.13	7.6243610877209	3	0.0544477264394806	0.285700788508006
ENSG00000153827.14	32.4505016492549	15	0.00558741333114286	0.0629127220494099
ENSG00000013375.16	32.5172569400402	12	0.00115083902350213	0.0206522400970093
ENSG00000153879.9	18.143217916906	3	0.000410923675703707	0.00922813916601096
ENSG00000153885.14	1.74007391795567	6	0.941985750837449	0.999999999795678
ENSG00000153898.13	8.45633496609662	6	0.206539931732104	0.623852170846559
ENSG00000153904.21	4.6372802978517	3	0.200367220011999	0.613955835811242
ENSG00000112851.14	3.16368724461154	3	0.367069825930302	0.832401420648101
ENSG00000153914.16	2.17344016471179	6	0.903076077867051	0.999999999795678
ENSG00000153922.11	25.9701670166833	9	0.00206607650925779	0.0323352939392913
ENSG00000153933.10	2.74842654632562	3	0.432060340350395	0.891729424445177
ENSG00000153944.12	33.2621824806265	12	0.000880872884473576	0.0167634659024115
ENSG00000153976.3	8.11107544605295	3	0.0437710315346882	0.250071707295079
ENSG00000153982.11	6.76150997803006	3	0.0799005072502283	0.358866156386483
ENSG00000154059.11	15.977180158523	9	0.0673596576417495	0.325915777052754
ENSG00000154102.11	2.44854557157305	3	0.48466185690584	0.928658396108637
ENSG00000154118.13	1.35891693877329	6	0.968309791867466	0.999999999795678
ENSG00000154122.14	4.59703705631546	6	0.596431727417346	0.996963301891221
ENSG00000154124.5	14.0012147596135	9	0.122282023246792	0.468939704134617
ENSG00000154144.13	28.227417324355	12	0.00512341997103095	0.0595065411248538
ENSG00000154146.13	0.934693258763218	3	0.817048471052524	0.999999999795678
ENSG00000154222.14	11.8687974394852	6	0.0649605985486551	0.319366629735565
ENSG00000154309.9	11.1929943580981	9	0.262711847203504	0.713937819027338
ENSG00000154328.16	3.30414987107042	6	0.769817630729127	0.999999999795678
ENSG00000154358.21	8.42819640815651	9	0.491635286405055	0.934744117337827
ENSG00000154380.17	2.42773045405193	6	0.876466482308736	0.999999999795678
ENSG00000089876.12	1.72079699549795	3	0.632320088744178	0.999999999795678
ENSG00000138430.16	2.9496971777844	6	0.815133388869261	0.999999999795678
ENSG00000154518.9	1.85551698191557	6	0.932495376508736	0.999999999795678
ENSG00000154553.16	11.7660508770177	9	0.226821871762457	0.655793478736889
ENSG00000154556.18	7.49268290311011	6	0.277673934374254	0.734338047486417
ENSG00000154582.17	6.35623242409201	6	0.384489661662255	0.850837301545362
ENSG00000154639.19	8.96315285210221	6	0.175660958221934	0.571829487677767
ENSG00000154642.11	7.51635984714994	3	0.0571395841925746	0.295616215092024
ENSG00000154710.18	8.25798298874634	9	0.508371487391205	0.944185028242955
ENSG00000154743.18	30.6704502194625	12	0.00221112961489335	0.0337551223332498
ENSG00000154803.13	0.419264033211675	3	0.936234868300479	0.999999999795678
ENSG00000154813.10	1.32819752346768	6	0.970080118192903	0.999999999795678
ENSG00000154814.14	5.00229985366968	9	0.834107730073598	0.999999999795678
ENSG00000167315.18	0.56968079948274	3	0.903336802697019	0.999999999795678
ENSG00000154832.15	13.7917178139251	12	0.314206156126205	0.776133244276401
ENSG00000154839.10	2.73239008146902	6	0.841606730639065	0.999999999795678
ENSG00000154845.15	7.11677151936965	3	0.0682675464682745	0.329431547153751
ENSG00000154914.17	1.74048691912458	3	0.627970454622119	0.999999999795678
ENSG00000154917.11	3.7206237676055	6	0.714422253022928	0.999999999795678
ENSG00000108846.16	5.9108588652889	9	0.748805729633722	0.999999999795678
ENSG00000155085.15	5.40314651122947	3	0.144547666627131	0.512171299539401
ENSG00000155099.8	7.13967043119828	6	0.308123588084134	0.771450873563334
ENSG00000155100.11		9	1	
ENSG00000155189.12	0.744350214041333	3	0.862726009283906	0.999999999795678
ENSG00000013288.9	2.83663573981903	3	0.41750447695989	0.880324264510138
ENSG00000155254.13	1.73116740528531	3	0.630026943164135	0.999999999795678
ENSG00000155313.15	0.599702173264632	3	0.896500550589047	0.999999999795678
ENSG00000155324.10	4.1990386286725	3	0.240758154327454	0.680078870081068
ENSG00000155330.10	18.0558086269793	9	0.0345315536353522	0.21192074589084
ENSG00000155366.17	19.3275481021556	6	0.00364477351386198	0.0478900792169839
ENSG00000102910.14	13.3408991385222	9	0.147777840602681	0.518854462436525
ENSG00000155438.12	11.6046604095682	6	0.0713922715106428	0.336536060820715
ENSG00000155463.14	2.21452518325532	3	0.529093032721402	0.954552444230318
ENSG00000155508.13	1.05868023506628	6	0.983289673878135	0.999999999795678
ENSG00000145919.11	43.024639574578	9	2.13327540273241e-06	0.000128107138444086
ENSG00000085662.14	1.59466998348944	3	0.660598968246442	0.999999999795678
ENSG00000155542.12	15.2365729189487	12	0.228753236754399	0.658793069402456
ENSG00000155561.15	15.9148018155829	6	0.0142186397361826	0.115040431478276
ENSG00000000460.17	5.78039063489814	6	0.448235180058446	0.90326686669993
ENSG00000155636.15	14.3407358273998	6	0.0260531098578676	0.177191746323601
ENSG00000155660.11	0.689968561695423	3	0.875560870176938	0.999999999795678
ENSG00000155666.12	0.835993466523405	3	0.840839899023176	0.999999999795678
ENSG00000172530.20	4.20029973913188	6	0.649590884782232	0.999999999795678
ENSG00000240344.9	2.35976497464071	6	0.883820246126886	0.999999999795678
ENSG00000155755.19	8.87077958859845	9	0.449286987705678	0.904036432087946
ENSG00000182578.14	1.13208229364227	3	0.769335474758943	0.999999999795678
ENSG00000155868.8	5.55120633893057	6	0.47528945630852	0.923357685668145
ENSG00000155893.13	5.08012020632259	6	0.533578997122516	0.957840560023883
ENSG00000155903.13	15.821865294665	3	0.00123343691051434	0.0216370786932518
ENSG00000136824.19	2.75263596490913	3	0.431356344320453	0.890895266702074
ENSG00000155957.18	1.28431065249606	3	0.732861996289068	0.999999999795678
ENSG00000156030.13	12.2168963944532	9	0.201356103482471	0.615824382669126
ENSG00000156110.14	3.25863260118786	6	0.775755363972279	0.999999999795678
ENSG00000156136.10	0.149018835585593	3	0.985366507735015	0.999999999795678
ENSG00000119685.20	10.5146506543733	9	0.310447971777569	0.774091905806734
ENSG00000156171.14	13.7933368710255	12	0.314099714633839	0.776133244276401
ENSG00000138744.16	2.2690540280164	9	0.986463762234157	0.999999999795678
ENSG00000156253.7	2.45238929033076	6	0.873757546467335	0.999999999795678
ENSG00000156273.16	13.0379795001631	9	0.160895247804853	0.546221848389422
ENSG00000156298.13	5.677163465587	3	0.128418013567135	0.479100246658429
ENSG00000156304.15	3.76317225762705	6	0.708689006812847	0.999999999795678
ENSG00000156381.9	7.58737508802005	9	0.57620235219115	0.984462058843763
ENSG00000156467.10	1.40058938029688	6	0.965822553058536	0.999999999795678
ENSG00000156521.14	5.13791087429854	3	0.161972725492315	0.547815137908302
ENSG00000156599.11	5.97297653762144	6	0.426224080570802	0.886868247313846
ENSG00000156639.12	2.13263297248886	6	0.907104974600454	0.999999999795678
ENSG00000156675.16	7.61984779074419	6	0.267297565299702	0.72008705300244
ENSG00000156735.11	0.333276040346846	3	0.953653343170092	0.999999999795678
ENSG00000156787.17	0.399724451013753	3	0.940299410933661	0.999999999795678
ENSG00000156795.8	4.3161785289758	9	0.889398017061025	0.999999999795678
ENSG00000156831.8	5.94245401968874	6	0.429667246351515	0.889734959430838
ENSG00000156858.12	5.19290108017776	6	0.519321013501686	0.950985646027984
ENSG00000156860.16	0.206683012600479	3	0.976503288210581	0.999999999795678
ENSG00000156928.5	4.01315248940955	3	0.260047396660781	0.71080667423538
ENSG00000156931.16	7.5837883748427	6	0.270208418696979	0.723988063118006
ENSG00000156970.13	0.413664396182867	3	0.937405508342356	0.999999999795678
ENSG00000144554.11	7.62617105495519	9	0.572212860458	0.98095361804462
ENSG00000157014.11	4.38146487964332	9	0.884561841844695	0.999999999795678
ENSG00000157036.13	12.8075484785677	9	0.171509598354284	0.566199601750859
ENSG00000147421.18	1.88470977917677	3	0.596676833582576	0.997167406690155
ENSG00000157045.9	0.321446173966251	3	0.955945839986377	0.999999999795678
ENSG00000157077.14	0.524846649552956	3	0.913399768768139	0.999999999795678
ENSG00000157110.16	2.09437703048025	3	0.553051165745325	0.966905511887311
ENSG00000132170.22	12.3010753254184	6	0.0555795127405954	0.290137224589831
ENSG00000033050.9	6.20032254469334	3	0.102260593648802	0.416543923828802
ENSG00000157181.16	7.23783952370104	3	0.0646912409119119	0.318428591422507
ENSG00000106617.15	6.19510906459345	3	0.102494120491572	0.417128431137136
ENSG00000215883.10	5.14198579689401	6	0.525735776931263	0.953075047686057
ENSG00000184863.11	19.2215150548545	9	0.0233739104293495	0.163257147961311
ENSG00000157224.16	3.29090856102266	3	0.348910009550827	0.813053592247356
ENSG00000113161.16	10.0663096653807	3	0.0180108075570004	0.137699324325606
ENSG00000157259.8	8.29771657650326	6	0.217093111084438	0.639990491476923
ENSG00000127080.10	3.01132932199289	3	0.389881713853073	0.858205553680928
ENSG00000259431.6	10.1170149160534	9	0.341095562350435	0.804413913792274
ENSG00000157349.17	3.69894967944492	12	0.988276724757333	0.999999999795678
ENSG00000157353.17	11.6258305664342	12	0.476177876228058	0.924640489240926
ENSG00000213920.9	3.43539276793126	3	0.329238638115267	0.792478416921895
ENSG00000157379.14	2.99624964084978	3	0.392203769386355	0.860264113564833
ENSG00000157388.19	22.1338622675771	9	0.00846427368600271	0.0834791566574501
ENSG00000056736.10	0.599145085683631	3	0.89662805854325	0.999999999795678
ENSG00000157445.15	3.46114494386165	6	0.749131812505875	0.999999999795678
ENSG00000157470.12	2.29501128955417	3	0.513477285111243	0.947675515712402
ENSG00000157483.9	9.7217272863636	12	0.640358577687737	0.999999999795678
ENSG00000157554.19	8.18635257084088	3	0.0423133393695786	0.246079083406868
ENSG00000157600.12		9	1	
ENSG00000157625.15	0.742094447873114	3	0.863261035127593	0.999999999795678
ENSG00000157637.13	2.83725918974233	6	0.828977861520358	0.999999999795678
ENSG00000198947.16	0.560377268300726	3	0.905440080066011	0.999999999795678
ENSG00000157657.14	1.35853518289377	3	0.715282435455333	0.999999999795678
ENSG00000157693.15	15.6104123185032	9	0.0754765551322178	0.346286605804691
ENSG00000157703.16	1.61648894686277	3	0.655656867822458	0.999999999795678
ENSG00000148219.16	0.311146067153459	3	0.957918755756411	0.999999999795678
ENSG00000119771.15	11.5051555261471	3	0.00928562393940283	0.0883551094797403
ENSG00000084676.15	4.1063243888716	3	0.250209537923295	0.696151259117483
ENSG00000157764.14		6	1	
ENSG00000138101.18	34.6549691869723	9	6.8535975205239e-05	0.00210462557192755
ENSG00000157827.20	0.559695929462805	3	0.905593814446336	0.999999999795678
ENSG00000157851.17	2.67083954476402	3	0.445205575404083	0.901774786239736
ENSG00000157869.15	5.18041505712972	6	0.52089069205107	0.950985646027984
ENSG00000157895.11	2.66120413986027	6	0.850008076895343	0.999999999795678
ENSG00000157954.15	1.44747820083649	3	0.694444276604247	0.999999999795678
ENSG00000137834.15	5.40403019811492	3	0.144492690352945	0.512171299539401
ENSG00000158042.9	9.48359063823591	3	0.023506570766025	0.163858786930494
ENSG00000158050.5	35.2658391821533	3	1.07045092476468e-07	9.64238405229692e-06
ENSG00000158079.16	1.33536716820981	3	0.720752413273516	0.999999999795678
ENSG00000182150.18	7.16402527232458	6	0.30594438389837	0.768714131968925
ENSG00000158092.7	10.4879687672583	3	0.0148427344207838	0.118435086564266
ENSG00000158106.14	1.45478122936493	3	0.692745418286287	0.999999999795678
ENSG00000158169.13	11.6341892083892	9	0.234726133415467	0.669284567833717
ENSG00000158186.13	10.04717546334	9	0.346679611612226	0.809484911100321
ENSG00000158201.10	5.91164516293793	6	0.43316017514708	0.892862837507598
ENSG00000051382.9	2.00029577666828	6	0.919671398378376	0.999999999795678
ENSG00000115073.8	4.27248768283971	3	0.233503957313007	0.66678991966768
ENSG00000102024.18	4.14325374333566	3	0.246405026394864	0.690257618860802
ENSG00000158373.8	10.5000577403043	3	0.0147605054633722	0.118127756951193
ENSG00000158411.11	5.36965335097193	6	0.497348691861931	0.937457764455864
ENSG00000158417.11	1.38003672463674	3	0.710220833395619	0.999999999795678
ENSG00000158435.8	1.63344905300619	3	0.65182947671287	0.999999999795678
ENSG00000005187.12	10.3059765083297	3	0.01613651947246	0.125666439349888
ENSG00000184154.15	7.53100856753281	9	0.582009256693081	0.987667386273506
ENSG00000158528.12	2.93809557143834	3	0.401268428690745	0.867720232434215
ENSG00000158552.13	10.7596528399927	6	0.0960948003179489	0.400947270292132
ENSG00000158604.15	2.46634844641085	3	0.481403381278392	0.926717119677157
ENSG00000124006.15	3.38535767211579	6	0.759154571289991	0.999999999795678
ENSG00000158711.14	19.9742370068507	3	0.000171842035410422	0.0044794964021617
ENSG00000158747.15	5.30683062221124	3	0.150659775951141	0.523709573872533
ENSG00000158792.16	0.653801598856262	3	0.884012623318475	0.999999999795678
ENSG00000158805.12		12	1	
ENSG00000143258.16	8.51587230535733	12	0.743630097249748	0.999999999795678
ENSG00000127603.29	7.44797841206128	15	0.9440067731032	0.999999999795678
ENSG00000158863.22	2.88110775498717	9	0.968822503994492	0.999999999795678
ENSG00000140750.17	2.47900301185655	6	0.870810122245136	0.999999999795678
ENSG00000241852.10	15.8996644934177	9	0.0690066497505369	0.330636471352011
ENSG00000158966.16	2.27714519073288	3	0.516913415730707	0.950253301888627
ENSG00000147454.14	4.8480280864278	9	0.847349646807573	0.999999999795678
ENSG00000244187.8	1.38204647619568	6	0.966941446486526	0.999999999795678
ENSG00000076864.19	6.30283631595012	6	0.390135018425927	0.858331874432177
ENSG00000159079.19	0.0738173162535531	3	0.994782542088042	0.999999999795678
ENSG00000108424.10	1.90007152946782	9	0.992950980925275	0.999999999795678
ENSG00000159086.15	22.2817074287741	12	0.0344811906289182	0.211775127635694
ENSG00000159111.13	4.51146428031643	3	0.21126997641368	0.631605847287547
ENSG00000140199.13	11.8562128590415	6	0.0652544728411354	0.32022882041349
ENSG00000141295.14	2.24118504593207	6	0.896234568077882	0.999999999795678
ENSG00000124160.12	1.23068710920052	3	0.745654072991688	0.999999999795678
ENSG00000205758.12	12.6104840606167	6	0.0496558072655385	0.268731394860962
ENSG00000062598.18	3.14528572360814	6	0.790403515246868	0.999999999795678
ENSG00000078061.13	6.7231916071687	6	0.347206524807477	0.810248502191773
ENSG00000159210.10	4.51188823397388	9	0.874617229260117	0.999999999795678
ENSG00000159217.10	18.2880644007064	6	0.00555122246473879	0.0625944210943465
ENSG00000159263.16	4.02544010405063	6	0.673233518770459	0.999999999795678
ENSG00000135637.14	12.9346556606224	9	0.165585385479426	0.555169859421716
ENSG00000077157.22	9.14717035075796	6	0.165468921366432	0.555008914157081
ENSG00000100294.13	1.04578091491567	3	0.790176207147996	0.999999999795678
ENSG00000159314.11	6.91868201075795	6	0.32843300348268	0.79184523734236
ENSG00000110811.20	5.17254704060815	3	0.159589729927319	0.543741968325245
ENSG00000143390.17	1.71134797542618	6	0.944241825652451	0.999999999795678
ENSG00000159423.17	5.74701586822903	9	0.764946665315876	0.999999999795678
ENSG00000159461.15	0.734569204552827	3	0.865044353076454	0.999999999795678
ENSG00000159459.12	0.140508511616645	3	0.986568027964933	0.999999999795678
ENSG00000159479.17	0.787379864192189	6	0.992407786859594	0.999999999795678
ENSG00000099958.15	2.72660861978329	9	0.974155760336367	0.999999999795678
ENSG00000133433.11	2.51595555320819	3	0.472414457551767	0.921379939815744
ENSG00000140848.17	8.91480946786032	6	0.178426117701411	0.575679026564556
ENSG00000159592.11	8.60255582792888	9	0.474739944846853	0.923351524936488
ENSG00000067955.15	4.47692844421545	6	0.612418863974009	0.999999999795678
ENSG00000196123.13	23.1543090929517	15	0.0809181038547455	0.362432634226752
ENSG00000159674.12	2.86397339247196	3	0.413076740728252	0.87652155314564
ENSG00000159692.16	3.24429675622378	6	0.777619227696011	0.999999999795678
ENSG00000230453.9	2.96820016051061	6	0.812827343432416	0.999999999795678
ENSG00000159792.10		3	1	
ENSG00000141252.20	14.7608605505047	15	0.468776163110843	0.919740647226429
ENSG00000159842.15	1.77151439213776	6	0.939467806371378	0.999999999795678
ENSG00000159917.17	2.70968873174661	3	0.438583306146889	0.896699134266259
ENSG00000104936.19	2.13488807828799	3	0.544886975502305	0.96399702487787
ENSG00000105287.12	6.71104632331208	9	0.667174689342871	0.999999999795678
ENSG00000160014.17	15.6255119453708	6	0.0159115654703964	0.124439756101924
ENSG00000160051.12	5.75053337002964	3	0.124398615308226	0.472808051712982
ENSG00000072958.9	15.1946085659256	6	0.018795919743264	0.141352988273322
ENSG00000160124.9	4.93180761711847	6	0.552588661939114	0.966732041937935
ENSG00000105726.17	2.13587186452787	6	0.906787783508078	0.999999999795678
ENSG00000160199.15	10.0023348302748	9	0.350296227203104	0.814411102361791
ENSG00000160201.12	3.15468824378695	3	0.368384697305323	0.833800417808262
ENSG00000160209.19	35.474676494734	9	4.91221322342868e-05	0.00161227986244276
ENSG00000160216.21	9.64640980194963	6	0.140354078771112	0.504590029533218
ENSG00000160218.13	0.967983534026644	6	0.986796918662753	0.999999999795678
ENSG00000241945.8	0.614708785205949	3	0.89305703174246	0.999999999795678
ENSG00000160256.13	2.1215700826433	3	0.547561329659852	0.964597935582882
ENSG00000160294.11	53.8323288507709	12	2.92765580304344e-07	2.30432093157992e-05
ENSG00000160298.18	28.6296417197209	12	0.00447030174424957	0.0545690412709165
ENSG00000160310.18	13.9902272629115	9	0.122673288145194	0.468939704134617
ENSG00000160318.6	13.5800782302658	3	0.00353621161409305	0.0472882143316531
ENSG00000160325.14	2.40703706806744	6	0.878723176655165	0.999999999795678
ENSG00000160360.13	5.71183217884573	3	0.126503606126018	0.475238524033191
ENSG00000160408.14	17.5592563446262	9	0.0406452488467011	0.23860320955844
ENSG00000160410.15	2.8710114819005	6	0.824853463500238	0.999999999795678
ENSG00000160439.16	9.11047890535519	6	0.167459488469547	0.558611516500935
ENSG00000160445.11	4.9039350159228	3	0.178968168303808	0.576679272640344
ENSG00000105048.17	3.71394807529578	9	0.929211518681171	0.999999999795678
ENSG00000160447.7	2.23495353108592	3	0.52509646961739	0.953075047686057
ENSG00000160563.14	2.42171454218624	3	0.489605268147618	0.932431783021441
ENSG00000160606.11	0.941674197703833	3	0.815360972747359	0.999999999795678
ENSG00000244045.13	0.125233470436797	3	0.9886461942968	0.999999999795678
ENSG00000160633.13	3.81548751692753	6	0.70162934592649	0.999999999795678
ENSG00000176531.10		12	1	
ENSG00000105755.8	4.60470020644425	3	0.203139244774283	0.618186883402821
ENSG00000160685.13	6.15217250971546	6	0.406361471248267	0.869916146662187
ENSG00000160688.19	1.15365111899155	3	0.764140770730724	0.999999999795678
ENSG00000160703.16	22.5340420833272	15	0.0945466097341542	0.396915879117497
ENSG00000160714.10	6.18845995293668	3	0.102792695061911	0.418109557342011
ENSG00000160746.13	12.5291614364178	12	0.404170347631322	0.869314036265377
ENSG00000160753.16	3.2618822039185	6	0.775332444059053	0.999999999795678
ENSG00000160781.17	19.0778769546366	6	0.00403411269301297	0.051616109958048
ENSG00000160813.7	25.3202848682122	12	0.0133759730805134	0.111586230771935
ENSG00000213420.8	17.1538596756191	6	0.00873411318776009	0.084562323228878
ENSG00000166526.18	27.9521720164084	15	0.021870343059169	0.156076471109756
ENSG00000160867.15	0.445749584338046	3	0.93063768637164	0.999999999795678
ENSG00000160886.13	14.1076780862641	9	0.118546134589163	0.459448341543994
ENSG00000160877.6	2.11630613539819	6	0.908697033753871	0.999999999795678
ENSG00000160888.7	181.165516308851	3	4.9404156956633e-39	1.00129875111856e-35
ENSG00000166529.15	5.01995547595834	6	0.541256235824639	0.961851009169301
ENSG00000241468.8	0.700153267011046	3	0.873167898518903	0.999999999795678
ENSG00000160917.15	6.49862513897824	6	0.369707456471397	0.835112384957821
ENSG00000106246.18	2.91789262925886	3	0.40445852882082	0.869314036265377
ENSG00000160932.11	0.237890398420859	3	0.971252424603656	0.999999999795678
ENSG00000160948.14	36.1340584753925	6	2.5960790673688e-06	0.000151413043159417
ENSG00000160959.8	1.64237615022284	6	0.949482661107863	0.999999999795678
ENSG00000160961.12	4.50379357449288	3	0.211952158674831	0.633123120993684
ENSG00000257923.11	25.5799120005122	12	0.0123016856633118	0.106321711804337
ENSG00000160972.9	4.79719744357135	6	0.570074898114688	0.978944545438631
ENSG00000198169.9	2.74664926071546	6	0.839906751984357	0.999999999795678
ENSG00000160993.4	8.09099644632352	6	0.231512212607387	0.66320477300639
ENSG00000196150.13	5.59009143896856	9	0.780138529321989	0.999999999795678
ENSG00000161010.15	29.6511567600319	3	1.63404060058958e-06	0.000103493493351404
ENSG00000161013.17	1.31139272527071	3	0.726429555140517	0.999999999795678
ENSG00000161057.12	2.36924798379187	3	0.499384770837025	0.939330008625467
ENSG00000161179.14	12.9394610148083	9	0.165364776067289	0.55488917201056
ENSG00000043093.15	6.82361635694906	12	0.869046141647814	0.999999999795678
ENSG00000161203.13	3.09981811325997	6	0.796218398694846	0.999999999795678
ENSG00000161204.11	8.40921900832836	3	0.0382697987019234	0.227959778160539
ENSG00000161217.12	7.15193050528978	9	0.621304736546307	0.999999999795678
ENSG00000269190.6	1.77417340596548	3	0.620571153518132	0.999999999795678
ENSG00000161265.15	17.1824553515162	9	0.0459342387599889	0.256819912846366
ENSG00000161513.12	0.121254787049111	3	0.989170113887119	0.999999999795678
ENSG00000161526.15	18.1772321600292	9	0.0331721286861979	0.20678550308817
ENSG00000161533.12	28.9062112362535	18	0.0495374168509238	0.26844908984655
ENSG00000161558.11	4.6021414433053	9	0.867521328726786	0.999999999795678
ENSG00000087088.20	32.4730044687458	6	1.32404973108205e-05	0.000583373433145768
ENSG00000068137.15	12.6239737779033	9	0.180372113989292	0.578661150815666
ENSG00000161618.10	26.4450656844329	9	0.00172689393231054	0.0279439702779273
ENSG00000131467.11	4.72930575210194	3	0.192726228000372	0.602942529337108
ENSG00000161638.11	2.55401849938608	3	0.465607778679863	0.917075379435775
ENSG00000092841.19	1.16659030178562	3	0.761027976724973	0.999999999795678
ENSG00000161682.15	3.67746220083882	3	0.298464664348058	0.759629944230337
ENSG00000204564.12	19.7874259520504	12	0.0712155212028774	0.336536060820715
ENSG00000161813.22	9.05899668236998	9	0.431846205955037	0.891514436383368
ENSG00000171466.10	2.79305844489363	3	0.424643895790961	0.886061615426583
ENSG00000065989.16	4.42854158761656	6	0.618889661949867	0.999999999795678
ENSG00000197283.17	6.91579906563129	9	0.645885645114843	0.999999999795678
ENSG00000161904.12	5.35421550257161	3	0.147622862740632	0.518534899583322
ENSG00000161914.10	12.4447637533267	6	0.0527511263575592	0.279694821046915
ENSG00000007392.17	39.4295083760517	15	0.000552643200876457	0.0116410730226697
ENSG00000161996.19	19.8279626013318	12	0.0704111221872497	0.333974154251051
ENSG00000162004.18	15.1513286865611	15	0.440572658036357	0.898546550616539
ENSG00000007545.16	6.52211662506034	6	0.367307005753076	0.832551614417742
ENSG00000162066.15	31.4235238768924	15	0.00770643830024659	0.0786613885443889
ENSG00000162073.14	1.23198883708392	3	0.745342731317431	0.999999999795678
ENSG00000162076.13	0.688279034162406	3	0.875957314844047	0.999999999795678
ENSG00000162104.10	6.673481306947	3	0.0830662535261124	0.367586308589625
ENSG00000162129.14	16.4954070433087	9	0.0572297152031591	0.29570509952327
ENSG00000162139.10	5.33958188613178	3	0.148554504581146	0.520881485688184
ENSG00000168067.12	16.1252257607084	12	0.185567590684824	0.590886275601677
ENSG00000162144.10	28.9171946706738	9	0.000669212021977898	0.0136657477636645
ENSG00000162191.14	2.89810527568625	3	0.407603605926152	0.871654559019602
ENSG00000213672.8	3.1933326448052	6	0.78421964378127	0.999999999795678
ENSG00000162222.14	7.14336165325949	9	0.622196238570722	0.999999999795678
ENSG00000162227.8	3.09715043280812	6	0.796558403520433	0.999999999795678
ENSG00000162231.14	1.22458862297935	3	0.747113185758925	0.999999999795678
ENSG00000168005.9	5.12034248418786	6	0.528473672568248	0.954552444230318
ENSG00000162298.19	1.08537520463506	3	0.780605688912502	0.999999999795678
ENSG00000162300.13	4.86029162564228	3	0.182317820854142	0.582827513274656
ENSG00000162341.18	0.512947392914157	3	0.916037856425524	0.999999999795678
ENSG00000162384.14	0.426502321415683	3	0.934714929796581	0.999999999795678
ENSG00000162402.14	11.6464271881932	6	0.0703376764840098	0.333878515622436
ENSG00000007923.16	3.82102004131593	3	0.281450596406917	0.738181813351951
ENSG00000162419.12	3.82643424149865	6	0.700150925405123	0.999999999795678
ENSG00000162522.11	1.26910802995917	3	0.736481420204461	0.999999999795678
ENSG00000162542.13	7.91443408222585	9	0.542791738972225	0.962599961690848
ENSG00000130158.14	0.866341497433496	6	0.990175779225304	0.999999999795678
ENSG00000162613.17	28.713102019392	6	6.89325283837233e-05	0.0021088151230447
ENSG00000162642.14	7.11038053421726	9	0.62562826455359	0.999999999795678
ENSG00000122417.15	14.9221743428934	21	0.826836530961124	0.999999999795678
ENSG00000162688.17	5.02863717200444	3	0.169712159982258	0.563875606957444
ENSG00000066279.18	2.61948672264043	3	0.454083509975816	0.908275956349824
ENSG00000162702.8	5.92234385981828	3	0.115450099442167	0.451497325700747
ENSG00000162704.16	14.7384761047142	6	0.0223912777882664	0.158508284856723
ENSG00000162714.12	1.24908381109344	6	0.974390935650131	0.999999999795678
ENSG00000162736.17	4.82001827113709	6	0.56709587788271	0.976561197245107
ENSG00000123636.18	8.76383150593756	9	0.459354187671847	0.912106879388296
ENSG00000162878.13	51.1630349695624	12	8.71775848533825e-07	5.98939559666417e-05
ENSG00000162889.11	0.925956372902874	3	0.819159847962189	0.999999999795678
ENSG00000162910.19	8.39848072925088	6	0.21033847713822	0.629895230435583
ENSG00000162913.10	52.6994143366042	12	4.65877494279309e-07	3.46501729002051e-05
ENSG00000162928.9	15.4452705304102	12	0.217984076532538	0.640818840570893
ENSG00000162929.14	5.43291001214311	9	0.795056714751955	0.999999999795678
ENSG00000162959.13	1.20523907215102	3	0.751748041941863	0.999999999795678
ENSG00000162972.10	15.5887870755178	3	0.00137674821043334	0.0234974689304906
ENSG00000162976.13	11.9400035368617	9	0.216712795441949	0.639799939056037
ENSG00000162980.17	3.31724895304251	6	0.768103473696605	0.999999999795678
ENSG00000163002.13	1.97799750139529	3	0.576985941948037	0.984970526715673
ENSG00000243667.7	18.2514093079635	9	0.0323662768146862	0.20340574119121
ENSG00000163006.12	8.13431601648608	6	0.228427245518579	0.658670385510994
ENSG00000163013.11	1.09354667248772	3	0.778632166648166	0.999999999795678
ENSG00000166401.15	1.48775477720528	3	0.685099391565342	0.999999999795678
ENSG00000115041.13	0.320317879978575	3	0.956163023224012	0.999999999795678
ENSG00000174501.14	3.76000094527888	3	0.288573098336248	0.746478017936172
ENSG00000163138.19		21	1	
ENSG00000163162.9	1.29051024059299	3	0.731387737965642	0.999999999795678
ENSG00000163171.8	4.08137972399345	3	0.252809616089975	0.701412579617191
ENSG00000163170.12	1.58371913601877	3	0.663087004828278	0.999999999795678
ENSG00000163235.16	0.987548218600068	3	0.80426488429511	0.999999999795678
ENSG00000163249.13	15.1950177777921	3	0.00165735364886626	0.0270345392985086
ENSG00000163281.12	8.6634028104254	6	0.19341162087816	0.603380852807127
ENSG00000163295.5	0.264663292095065	3	0.966531320499365	0.999999999795678
ENSG00000152795.17	145.642254424572	6	6.4505585418394e-29	6.53683476233651e-26
ENSG00000163312.11	14.1876680896185	9	0.115804363300385	0.452228310826695
ENSG00000163319.11	0.136372402397683	3	0.987140911755192	0.999999999795678
ENSG00000128656.15	28.1584214881841	15	0.0205981574651107	0.149900594766295
ENSG00000163364.10		3	1	
ENSG00000163374.19	3.26258407246132	6	0.775241078848656	0.999999999795678
ENSG00000163389.12	10.4220239665519	3	0.0152992910818763	0.121242769111213
ENSG00000163399.16	0.850465058290865	3	0.837362202642439	0.999999999795678
ENSG00000163430.12	0.947710156098765	3	0.813901608191054	0.999999999795678
ENSG00000163466.16	4.23861185330316	3	0.236824426203381	0.673784676525432
ENSG00000163472.19	5.63928261457204	3	0.130541288813854	0.482580131515691
ENSG00000163481.8	0.788276221475826	3	0.852269102619213	0.999999999795678
ENSG00000163482.12	23.2505900936194	15	0.0789623646951113	0.356827140793349
ENSG00000033867.16	14.6687480173241	12	0.260053360772436	0.71080667423538
ENSG00000163507.14	10.2108409609718	9	0.333687762329459	0.795415080624793
ENSG00000163512.14	26.8938540139643	12	0.00800367100335624	0.0802048959508147
ENSG00000163513.19	12.3644727087994	6	0.0543146238118842	0.285359770338739
ENSG00000163517.15		6	1	
ENSG00000163521.16	22.85421187054	15	0.0872846417539092	0.379419083484687
ENSG00000163520.14	2.80381156664953	3	0.422872849619539	0.88516142315146
ENSG00000163527.10	0.731466565877781	3	0.865778910218271	0.999999999795678
ENSG00000163558.13		3	1	
ENSG00000163565.18	11.002814680382	9	0.275516053990225	0.730653794471296
ENSG00000163577.8	15.8810321610658	6	0.0144069617112116	0.116100634784088
ENSG00000163584.18	0.480733483680524	3	0.923103328853176	0.999999999795678
ENSG00000163607.17	3.59503414761093	6	0.73128588221298	0.999999999795678
ENSG00000206530.11	0.823266670344765	6	0.991435260431041	0.999999999795678
ENSG00000163611.11	0.381338352233797	3	0.944069993776213	0.999999999795678
ENSG00000163625.16	4.62858783654428	9	0.865409817717357	0.999999999795678
ENSG00000163626.17	42.7111313591577	6	1.33047009452386e-07	1.14745968684095e-05
ENSG00000163644.15	4.71591264045196	3	0.193821145592636	0.603435931585965
ENSG00000163655.16	4.07614511906286	6	0.666372527870418	0.999999999795678
ENSG00000163659.13		9	1	
ENSG00000163660.12	41.7720935823563	12	3.63774031737066e-05	0.00129347196284754
ENSG00000174891.13	6.05339898557031	9	0.734562220789584	0.999999999795678
ENSG00000163666.10	0.508224347681107	3	0.917080878673863	0.999999999795678
ENSG00000163681.16	17.5509680228461	18	0.485580602835806	0.928762861070039
ENSG00000136068.15	12.7478858084796	9	0.174349908634472	0.570073127998666
ENSG00000163683.12	16.8546514948976	9	0.0510413708878837	0.273504027011961
ENSG00000163684.11	18.6202581148791	9	0.02862250053434	0.188346275837576
ENSG00000163686.15	0.264161674671414	3	0.966621479106087	0.999999999795678
ENSG00000163697.17	6.26179119552694	6	0.394512185851532	0.862543228343681
ENSG00000163702.20	3.79179515864416	6	0.704827768240804	0.999999999795678
ENSG00000163710.9	6.05828428669338	6	0.416692834897537	0.879950198623165
ENSG00000163719.20	1.02617414600536	6	0.984600603265798	0.999999999795678
ENSG00000163728.11	18.3065461346923	6	0.00551008963851564	0.0625561515995711
ENSG00000138771.16	1.33285100477178	3	0.721347453664845	0.999999999795678
ENSG00000163754.18	2.63458014048956	3	0.451459427408737	0.905749163875191
ENSG00000163755.9	4.53642817796936	6	0.604484917054073	0.999999999795678
ENSG00000163788.14	1.85183428557502	3	0.603720690758211	0.999999999795678
ENSG00000169981.11	3.76812427048344	3	0.287615647167337	0.744727316216394
ENSG00000243147.8	0.667272780206986	3	0.880873365309381	0.999999999795678
ENSG00000163807.6	10.6072523780895	3	0.0140507166334416	0.114149567536175
ENSG00000213639.10	3.73814249381394	6	0.712062695886944	0.999999999795678
ENSG00000163812.15	2.24884959286646	6	0.895448778398183	0.999999999795678
ENSG00000163818.17	16.0704444743569	6	0.0133808167543337	0.111586230771935
ENSG00000163820.15	0.223485681473449	3	0.973711711635672	0.999999999795678
ENSG00000163832.16	8.04720338062907	6	0.234665429969512	0.669284567833717
ENSG00000082781.12	1.53137774310017	6	0.95738306240669	0.999999999795678
ENSG00000163870.16	6.39101404583198	6	0.38084222633027	0.847047442759808
ENSG00000163875.16	12.1081533782672	9	0.207280595124826	0.625298034451955
ENSG00000163877.11	1.58498008508104	6	0.953651134293262	0.999999999795678
ENSG00000163904.13	10.765423870509	12	0.549121739036276	0.965989250242625
ENSG00000163913.12		12	1	
ENSG00000163918.10	39.2865264487482	6	6.28903210203464e-07	4.47238449571884e-05
ENSG00000163930.10	9.94178260049375	6	0.127125186874896	0.476469667126576
ENSG00000163931.16	0.634720342699438	3	0.888439944324287	0.999999999795678
ENSG00000163933.10	5.98951955707889	6	0.42436513457774	0.885957156140689
ENSG00000163939.18	4.73863349817293	9	0.856471171508024	0.999999999795678
ENSG00000163956.13	1.20723476127023	6	0.976525857331031	0.999999999795678
ENSG00000163960.12	35.13527529153	6	4.05707565867782e-06	0.000217819287184776
ENSG00000163964.16	8.46692021400668	6	0.205851168643097	0.623013757103536
ENSG00000163975.12	0.626144332200397	3	0.890422002548766	0.999999999795678
ENSG00000164002.11	14.2220937677434	9	0.114641348697187	0.449418478669291
ENSG00000197894.11	13.6971294014074	9	0.133514146829613	0.488226968131562
ENSG00000164039.15	26.3934518428923	15	0.0340849654339664	0.210775602420416
ENSG00000164040.18	7.73362482969242	6	0.258275389927349	0.709054719316294
ENSG00000164050.13	7.77638923261566	6	0.254947650741963	0.704521799142175
ENSG00000164054.15	0.138165460259188	3	0.986893464889298	0.999999999795678
ENSG00000164062.13	1.26731028979702	3	0.736909815104422	0.999999999795678
ENSG00000164070.12	9.09556342708038	6	0.168274554127369	0.560247150024878
ENSG00000164073.11	29.1049485949625	15	0.0155912767739035	0.122716971656345
ENSG00000164077.14	22.1997867681966	6	0.00111395309032079	0.0201131797399346
ENSG00000164078.13	16.8948600279937	9	0.0503881414910708	0.27142635419808
ENSG00000164087.8	0.788519574813108	3	0.852210983145642	0.999999999795678
ENSG00000164088.18	20.0390065912543	15	0.170441450730729	0.564114281697679
ENSG00000164104.12	2.76237018368556	9	0.972975989713547	0.999999999795678
ENSG00000164109.14	12.8242358519055	6	0.0459135730128081	0.256819912846366
ENSG00000164118.13	22.356790418786	6	0.00104316539339971	0.0190471663159718
ENSG00000164134.13	9.33414223868385	6	0.15563979335894	0.534649069813953
ENSG00000170390.16	0.143948945290049	3	0.98608593699513	0.999999999795678
ENSG00000164151.12	2.70536131433983	3	0.43931696390614	0.897340041921662
ENSG00000164163.11	0.29840378298104	3	0.960328405612899	0.999999999795678
ENSG00000164167.12	1.72493583459436	6	0.943179986950814	0.999999999795678
ENSG00000164168.8	0.0741218454604677	3	0.99475069987687	0.999999999795678
ENSG00000164180.14	3.07698832075039	6	0.79912382566987	0.999999999795678
ENSG00000164187.7	12.5318620342127	3	0.00576653960574636	0.0638902356021722
ENSG00000164211.13	4.01167770106622	6	0.675096015685114	0.999999999795678
ENSG00000164219.10	2.41270970147662	3	0.491273101060244	0.934698669395775
ENSG00000164237.9	14.1667689339374	6	0.0278277385560829	0.185160019483852
ENSG00000164244.21	9.17546199331991	6	0.163948022987381	0.551955649734791
ENSG00000186468.13	4.44833012856543	3	0.216945686522834	0.639990491476923
ENSG00000164253.14	36.4338322558469	12	0.000275848846747761	0.0066556744065003
ENSG00000145868.17	15.4472116818906	12	0.217885742552611	0.640818840570893
ENSG00000113649.11	8.02239626993105	6	0.236467086782276	0.673353941884057
ENSG00000157510.14	1.84674921675219	3	0.604815002280418	0.999999999795678
ENSG00000164294.14	0.614293511134747	3	0.893152546174598	0.999999999795678
ENSG00000164296.7	5.54251196289442	6	0.476333521196148	0.924721229965799
ENSG00000164307.13	15.6724719495196	3	0.00132348532477227	0.0227319820506966
ENSG00000164329.13		12	1	
ENSG00000164331.10	6.55111144571856	6	0.364359203909469	0.829735973621928
ENSG00000164338.10	12.1059098250244	9	0.207404269722623	0.625298034451955
ENSG00000164342.13	3.79357222966701	6	0.704587936177509	0.999999999795678
ENSG00000132356.11	24.0595699188707	12	0.0199648295634955	0.147140793882962
ENSG00000164346.10	5.22479524055962	6	0.515321690590635	0.948833283129293
ENSG00000164366.4	0.637128574648159	3	0.887882473964672	0.999999999795678
ENSG00000158987.22	8.81196667856307	3	0.0318982292323804	0.201223079411219
ENSG00000164402.14	15.0524676493478	9	0.0895048256485003	0.384533980674294
ENSG00000181163.13	4.72231351211667	9	0.85781207324686	0.999999999795678
ENSG00000164535.15	7.80055746806102	3	0.0503185266778952	0.271309544996529
ENSG00000164542.13	23.9001209960779	9	0.00446204199859519	0.0545690412709165
ENSG00000164548.11	10.9224662120105	9	0.281060967196367	0.737876056043054
ENSG00000164574.16	2.11870080037625	3	0.548138738695067	0.96506505394748
ENSG00000164576.12	6.89575340212468	9	0.647972124845975	0.999999999795678
ENSG00000164597.14		6	1	
ENSG00000164609.10	14.6074302038687	9	0.10229911833516	0.416543923828802
ENSG00000164615.5	2.26313948192183	3	0.519619158404062	0.950985646027984
ENSG00000164620.9	11.0476932428428	9	0.272453974238808	0.72609611083301
ENSG00000113013.15	5.56829457799904	6	0.473241110785882	0.921768413521034
ENSG00000164638.10	3.86347604743696	6	0.695145626995072	0.999999999795678
ENSG00000127995.17	12.5429075479674	6	0.0508969527023032	0.273504027011961
ENSG00000164713.10	0.669062769709854	3	0.880455426729311	0.999999999795678
ENSG00000164754.15	0.677644073657575	3	0.87844926169141	0.999999999795678
ENSG00000164758.7		3	1	
ENSG00000164808.17	2.47669957891048	9	0.98150355861735	0.999999999795678
ENSG00000164823.11		9	1	
ENSG00000164818.16	4.00731191445084	3	0.260675656989876	0.710911540056852
ENSG00000164830.18		15	1	
ENSG00000164850.15	3.83622311075396	6	0.698828568525575	0.999999999795678
ENSG00000164855.16	10.1377644211134	6	0.118969066882606	0.460813294418196
ENSG00000197150.12	21.1636915313429	12	0.0480342158866635	0.263714735394798
ENSG00000164877.19	15.3455110773757	9	0.0818721795290246	0.364634786021965
ENSG00000213199.8	5.58217767012729	6	0.471580585638085	0.921379939815744
ENSG00000164885.13	0.668885380284337	3	0.880496853068968	0.999999999795678
ENSG00000164896.20	12.9051470090926	9	0.166945441786686	0.557688567447122
ENSG00000164897.14	3.02118551669992	3	0.38837030603325	0.856506548153308
ENSG00000164898.13	0.273134889663197	3	0.964999271083911	0.999999999795678
ENSG00000164902.14	4.63876037116279	6	0.590906109508522	0.993542073588919
ENSG00000164920.9	7.32911781146845	3	0.06211559409455	0.311230606504646
ENSG00000164934.14	0.151430738071213	3	0.985020553842914	0.999999999795678
ENSG00000164944.12	2.58216552741578	3	0.460624742324891	0.912152391391972
ENSG00000164949.8		3	1	
ENSG00000164967.10	0.169779395102523	3	0.982313839132217	0.999999999795678
ENSG00000164970.15	25.2309734215166	9	0.00272602595680499	0.039253805385112
ENSG00000165156.15	7.64175208658162	9	0.570612389050619	0.979159153202847
ENSG00000165197.5		3	1	
ENSG00000148187.18	11.0510070422897	12	0.524552507106717	0.953075047686057
ENSG00000165238.16	0.0994006008589281	3	0.991909256826395	0.999999999795678
ENSG00000165271.17	3.08936381965032	3	0.378051203502485	0.844081825060492
ENSG00000165272.16	0.853980006824713	3	0.836516831110614	0.999999999795678
ENSG00000165275.10		6	1	
ENSG00000165282.14	2.2627787649144	3	0.519688984813343	0.950985646027984
ENSG00000165304.8	5.60771084362932	9	0.778446977450852	0.999999999795678
ENSG00000165338.16	1.86483602440899	3	0.600928526947587	0.999738881174653
ENSG00000156504.16	7.46411244938645	9	0.588915821330817	0.992312716742008
ENSG00000165355.7	4.99640445347859	3	0.172060617286375	0.566938008210382
ENSG00000139668.9	1.28807496094669	3	0.731966724266232	0.999999999795678
ENSG00000165392.11		12	1	
ENSG00000165410.15	9.80846763777663	6	0.132953056330512	0.487624439071428
ENSG00000147121.16	3.70106029096041	6	0.717055374427945	0.999999999795678
ENSG00000165458.14	1.53512954515463	3	0.674186503380517	0.999999999795678
ENSG00000165475.15	1.78190863135478	3	0.618879711536887	0.999999999795678
ENSG00000165480.16	2.71672572737589	6	0.843467760788652	0.999999999795678
ENSG00000165494.11	32.4631756659328	3	4.17979488342573e-07	3.1668782355077e-05
ENSG00000165501.17	3.15835527192394	3	0.367848408505227	0.833001968645775
ENSG00000165506.15	0.651823659927686	3	0.884472626333667	0.999999999795678
ENSG00000165516.11	9.22467018594034	6	0.161331450190256	0.546786817179099
ENSG00000165525.18	6.02099528160761	9	0.737815166148439	0.999999999795678
ENSG00000165526.9	12.2827672467101	6	0.0559498574506621	0.291507387116014
ENSG00000165548.11	2.94983845384922	6	0.815115810024552	0.999999999795678
ENSG00000139977.14	11.6909144136989	6	0.0692301814567209	0.331120401810995
ENSG00000165685.8	6.13156797741249	6	0.408614432389298	0.87219053978407
ENSG00000165684.4	1.45561090863521	3	0.692552537375785	0.999999999795678
ENSG00000165689.17	15.4562534168799	12	0.217428153748474	0.640389368423882
ENSG00000165699.15		21	1	
ENSG00000048140.18	14.6752022468645	12	0.259681014354474	0.710747462313208
ENSG00000122203.15	6.87423002597643	6	0.332635204199715	0.794382165401424
ENSG00000165714.11	24.0792633502533	9	0.0041777404517191	0.0525099873520724
ENSG00000165795.23	28.6346662005135	15	0.0179175366816492	0.137294394969877
ENSG00000165801.10	4.13494245983031	3	0.247256629885587	0.691448602443068
ENSG00000165819.12	31.2216319608415	6	2.29949169902215e-05	0.000915428017999105
ENSG00000165832.6	9.72954421843497	3	0.0210107038821066	0.151677450019803
ENSG00000122376.11	2.97427496386081	3	0.395608500485001	0.863096489269252
ENSG00000165898.14	37.0584519180666	6	1.71528661948186e-06	0.00010779712111736
ENSG00000165916.8	1.08878903114237	3	0.779781122355691	0.999999999795678
ENSG00000165934.13	3.05527653081663	6	0.801877760433577	0.999999999795678
ENSG00000110888.17	19.2208934938008	15	0.203898038313461	0.620030531360551
ENSG00000165943.5	0.474483002924899	3	0.924460537896225	0.999999999795678
ENSG00000011114.15	16.7927732015785	6	0.0100757777881401	0.0933535206039446
ENSG00000165983.14	18.557356618483	9	0.0292309998406171	0.190091982602052
ENSG00000166002.7		9	1	
ENSG00000166024.13	17.7383288515198	6	0.00692050405593805	0.0724353855714998
ENSG00000166025.18	1.67233777030924	3	0.643101151415662	0.999999999795678
ENSG00000166068.13	0.919577901715456	3	0.820700824245713	0.999999999795678
ENSG00000100802.15	10.252096498396	12	0.593854862674137	0.995586581891105
ENSG00000140153.18	23.8236592771691	12	0.0214937135061035	0.154339712483597
ENSG00000069329.18	7.52830217602605	6	0.27473615205774	0.729540119466787
ENSG00000166130.15	2.255313239104	6	0.89478428247643	0.999999999795678
ENSG00000166135.14		9	1	
ENSG00000102893.16	4.71801705012331	9	0.858164209761983	0.999999999795678
ENSG00000166140.17	10.7888785053729	12	0.547093317223734	0.964597935582882
ENSG00000055950.16	6.19076958886581	6	0.402162978980306	0.868559497495679
ENSG00000166169.17	29.1119404481142	15	0.0155589144535097	0.122581262851898
ENSG00000166188.2		3	1	
ENSG00000166200.15	8.43375823016686	6	0.208015390517972	0.626441593955868
ENSG00000052126.14		3	1	
ENSG00000111670.16	0.679796221201286	3	0.877945476747025	0.999999999795678
ENSG00000166260.13	9.25100793722959	6	0.159945878684859	0.544138161350461
ENSG00000166262.16	14.1900109536825	6	0.0275841759452546	0.184031950270995
ENSG00000166295.9	1.73902819454815	6	0.942068627544999	0.999999999795678
ENSG00000166326.7	1.42713358814581	3	0.699186974338471	0.999999999795678
ENSG00000166333.14	1.50481136784947	3	0.681160315185673	0.999999999795678
ENSG00000166337.10	3.2623278007959	6	0.775274439660629	0.999999999795678
ENSG00000166347.19	0.696883386612171	6	0.994558079581027	0.999999999795678
ENSG00000166411.14	4.81755414183135	6	0.567417268127224	0.976561197245107
ENSG00000169684.13	2.06365819039638	9	0.99042042619171	0.999999999795678
ENSG00000166451.13	24.1534483212308	15	0.062533067711976	0.31293554317345
ENSG00000166454.10	1.74889226771666	3	0.626119182772442	0.999999999795678
ENSG00000166452.12	16.0194643665964	12	0.190346184374659	0.599043678853013
ENSG00000166471.11	8.80569088675293	6	0.184804382353463	0.58891868228755
ENSG00000166473.17	0.926012261956203	3	0.819146343922824	0.999999999795678
ENSG00000166478.10	0.95027290800499	6	0.987427290998718	0.999999999795678
ENSG00000166479.10	11.5828678031667	6	0.071948284602724	0.338136083057556
ENSG00000166484.20	16.1984525207763	12	0.182314730556719	0.582827513274656
ENSG00000166483.11	9.46891112564481	6	0.148873192967769	0.521345561723415
ENSG00000159063.13	1.57108337826503	3	0.665964096061616	0.999999999795678
ENSG00000166503.9	12.1780030372865	6	0.0581135655177097	0.298370282236905
ENSG00000255529.9	2.86494797744672	3	0.412919617108186	0.87652155314564
ENSG00000166507.19	5.33442991451102	6	0.501689478348032	0.940267705237434
ENSG00000166532.16	40.2326376667552	9	6.89538602918199e-06	0.000334949723175315
ENSG00000166548.16	0.872011969891901	3	0.832176165281711	0.999999999795678
ENSG00000166582.10	4.07871620076185	9	0.906155578854007	0.999999999795678
ENSG00000025770.19	6.58730260011726	9	0.679999748067663	0.999999999795678
ENSG00000058600.16	18.0648013901664	12	0.113737047940223	0.447604974588053
ENSG00000166685.12	5.55404216314673	6	0.474949190076065	0.923351524936488
ENSG00000123575.9	4.68978350927864	3	0.19597396034538	0.606984910949386
ENSG00000166716.10	8.50907516900452	6	0.203127243127441	0.618186883402821
ENSG00000154217.15	6.90713401869425	6	0.329520903926648	0.792478416921895
ENSG00000166734.20	1.36074250689126	3	0.71476214472737	0.999999999795678
ENSG00000166741.8	29.429794016527	6	5.04370335369985e-05	0.00164214068628292
ENSG00000166750.10	3.59662301706317	6	0.731073194730558	0.999999999795678
ENSG00000166747.13	0.947922885068692	6	0.98750960622697	0.999999999795678
ENSG00000196678.14	22.8051316866622	15	0.088365820448639	0.382478220169309
ENSG00000166780.11	4.72664613526104	6	0.579319837317528	0.986047852431912
ENSG00000166788.10	4.57787725223898	6	0.598974226794239	0.998126219243761
ENSG00000140525.19	10.7254268478355	9	0.295000053385395	0.75419912734008
ENSG00000166797.11	1.42120612444705	6	0.964555725870442	0.999999999795678
ENSG00000166803.14	10.7987617650069	12	0.546239103521611	0.964154237372022
ENSG00000151116.17		12	1	
ENSG00000166816.15	3.19081335433066	3	0.363130761705841	0.829333471532802
ENSG00000166821.9	7.69631071168624	6	0.261207215163123	0.711561456091209
ENSG00000166823.5	1.57466108360961	3	0.665148797917683	0.999999999795678
ENSG00000166831.9	0.112191124195306	3	0.990335346402235	0.999999999795678
ENSG00000166847.10	3.35767201052659	6	0.762799320155221	0.999999999795678
ENSG00000166855.9	15.3442191064096	9	0.0819045202104351	0.364634786021965
ENSG00000166881.10	3.134151920156	3	0.371400489427525	0.83753651398858
ENSG00000166886.13	3.31085070373501	3	0.34613528185748	0.809146115922315
ENSG00000074603.19	19.7472706459448	6	0.00307122663688269	0.0428544480984646
ENSG00000166896.9	3.91669773618651	6	0.687948504859391	0.999999999795678
ENSG00000106351.13	2.97261018178324	9	0.965370973052473	0.999999999795678
ENSG00000166925.9	2.12362121722254	3	0.547148831453132	0.964597935582882
ENSG00000166946.14	7.59226120641324	6	0.269522223849463	0.7235502188669
ENSG00000166971.17	3.13640076605407	3	0.371069212588553	0.83721279299547
ENSG00000166979.13	10.7230923884308	9	0.295168107566587	0.754390872648904
ENSG00000159140.21	40.600161871429	15	0.000367879345480921	0.00833072026204979
ENSG00000237289.10	12.8436698806482	6	0.0455867542292947	0.255405540108426
ENSG00000167004.13	1.93140464473981	6	0.925897895319054	0.999999999795678
ENSG00000167005.14	32.1407613925257	6	1.53343930468387e-05	0.000661254917184689
ENSG00000051108.15	1.94321954311454	6	0.924845869058496	0.999999999795678
ENSG00000159216.19	20.2466474741893	3	0.000150890345007594	0.00406152758484981
ENSG00000167085.12	2.03536994458409	6	0.916417040036535	0.999999999795678
ENSG00000167088.11	0.169201902725035	3	0.982400980565263	0.999999999795678
ENSG00000148356.14	3.10811470212593	6	0.795160130759262	0.999999999795678
ENSG00000167103.12	8.55866145084929	6	0.199961837318156	0.613955835811242
ENSG00000167106.12		6	1	
ENSG00000167113.11	8.63928022133769	6	0.194903921733347	0.605396970686683
ENSG00000167114.13	5.8629759287287	3	0.118470419062968	0.459448341543994
ENSG00000142173.16	0.0661872572497941	3	0.995560099077072	0.999999999795678
ENSG00000167191.12	2.11246156745801	6	0.909070251716448	0.999999999795678
ENSG00000167193.8	1.13848003134262	3	0.767793899415586	0.999999999795678
ENSG00000167202.11	6.44123197368754	6	0.375617781341491	0.842360540341763
ENSG00000167220.12	7.15385319610596	9	0.621104711081008	0.999999999795678
ENSG00000089154.11	5.78395387094861	3	0.122607723796458	0.468939704134617
ENSG00000167257.11	5.50699088757847	6	0.480612163855246	0.926580512635038
ENSG00000161395.14	22.7326150377739	9	0.00682558494855601	0.071863658672654
ENSG00000167280.17		9	1	
ENSG00000167283.8	2.71563514752779	3	0.437576800676458	0.895956888835721
ENSG00000167302.11	2.93881409548158	9	0.966671386069184	0.999999999795678
ENSG00000167323.11	3.36411896524623	6	0.761951438295189	0.999999999795678
ENSG00000167325.15	0.439677941933041	3	0.931929328653909	0.999999999795678
ENSG00000167371.21		3	1	
ENSG00000131116.12	0.125511722791998	3	0.988609277340776	0.999999999795678
ENSG00000167380.16	41.4981205172844	12	4.04407936494068e-05	0.00140709662710618
ENSG00000167394.13	18.6989571405588	9	0.0278778090334693	0.185178442831932
ENSG00000167395.10	3.87481303557797	9	0.919457001378541	0.999999999795678
ENSG00000167397.15	0.909354278352112	3	0.823169839626034	0.999999999795678
ENSG00000105327.18	35.3440349691837	9	5.18057461384723e-05	0.00166662374581188
ENSG00000170832.13	6.44279209222987	3	0.091946152183677	0.39084767633697
ENSG00000167461.12	8.33548541307391	6	0.214540530932009	0.637098931965494
ENSG00000167470.12	24.3433561805214	6	0.000451497803404294	0.0099464475331484
ENSG00000158545.16	1.99509998409485	3	0.57342434381009	0.982199694753518
ENSG00000167508.12	1.01809436808253	3	0.796873767931589	0.999999999795678
ENSG00000103335.22	41.8494622995349	12	3.53044872016369e-05	0.00127205990108298
ENSG00000167515.10	46.9449860251189	9	4.01835110089253e-07	3.07328041272979e-05
ENSG00000167522.16	1.5164967140845	9	0.997022527056959	0.999999999795678
ENSG00000167523.13	46.4183463971822	12	5.8763802823318e-06	0.000290486676517463
ENSG00000109103.12	0.657427446316433	3	0.883168747129944	0.999999999795678
ENSG00000167524.16	2.07539572047176	6	0.912635425331034	0.999999999795678
ENSG00000167525.14	7.37434676709381	9	0.598205753639771	0.998115578458708
ENSG00000109113.20	24.6053193607368	12	0.0168079399545027	0.129773304010622
ENSG00000167535.8	13.8675450612791	6	0.0311512677730017	0.198235963635733
ENSG00000167548.16	0.606253462487985	6	0.996295346439426	0.999999999795678
ENSG00000167553.16	21.8180707476568	6	0.00130629344321848	0.0224949331867047
ENSG00000171443.7	10.5324463921752	3	0.0145424022270688	0.117075724781377
ENSG00000167562.13	0.314773917505818	3	0.957226375757741	0.999999999795678
ENSG00000167766.18	8.10676751510982	12	0.776732173071259	0.999999999795678
ENSG00000267796.8	6.12918781171084	3	0.105491355699188	0.424620871302297
ENSG00000167595.15	17.8673790255712	12	0.119777088118506	0.462616890603493
ENSG00000167601.12	5.07758167140855	6	0.53390194736534	0.958003052948283
ENSG00000167644.12	1.39461901708273	3	0.706796546995456	0.999999999795678
ENSG00000167653.5	2.98259468672745	3	0.394316525397863	0.862543228343681
ENSG00000167657.14	1.63958961098979	3	0.65044682526376	0.999999999795678
ENSG00000160957.14	8.57208870908653	6	0.199111849490413	0.613300976328332
ENSG00000167695.15	4.40528128372171	9	0.882773788577864	0.999999999795678
ENSG00000167699.13	13.8844622144679	6	0.0309537524442212	0.19790384153415
ENSG00000167702.13	10.736013308524	12	0.55166763137876	0.966210808531499
ENSG00000167703.15	1.93131301500034	6	0.925906028363896	0.999999999795678
ENSG00000167705.12	1.4460647625765	3	0.694773298223363	0.999999999795678
ENSG00000167733.13	3.61552206746092	6	0.728541920250991	0.999999999795678
ENSG00000167740.10	1.17474720196878	3	0.759067127033045	0.999999999795678
ENSG00000141456.16	2.60280172240164	3	0.456998580455518	0.910308504430341
ENSG00000167748.11	0.818377797500261	3	0.845066444817439	0.999999999795678
ENSG00000167770.11	6.30854712005385	3	0.0975265592229992	0.404381366810847
ENSG00000167778.9	2.91277354494378	3	0.405270218317754	0.869314036265377
ENSG00000167779.9	1.99887461277103	3	0.572640315664178	0.981478866615115
ENSG00000167785.9	0.805214912597876	6	0.991933111979965	0.999999999795678
ENSG00000167799.10	0.703036704042461	3	0.872489454193498	0.999999999795678
ENSG00000167862.10	1.69230580011208	3	0.638645745220106	0.999999999795678
ENSG00000167889.13	10.934905669912	12	0.534505390469945	0.958680354101735
ENSG00000089685.15	1.05162389049656	3	0.788763190903172	0.999999999795678
ENSG00000167920.10	12.1481780628965	6	0.0587436053644531	0.300193742399223
ENSG00000167925.16	1.52369204223942	3	0.676813113358844	0.999999999795678
ENSG00000167930.17	0.373113504829234	3	0.945738860466095	0.999999999795678
ENSG00000130731.16	4.67288954864489	9	0.86184062904279	0.999999999795678
ENSG00000162032.16	2.35841061950487	3	0.501423421296705	0.940267705237434
ENSG00000167965.18	5.40967536208336	3	0.144141958005891	0.511634427117321
ENSG00000167969.13	8.32003898278344	6	0.215581443755994	0.638086441960513
ENSG00000205937.12	4.08630587400694	9	0.905640725509499	0.999999999795678
ENSG00000167972.14	5.55407703802121	6	0.474945006332823	0.923351524936488
ENSG00000167978.17	25.3193125012913	9	0.00263753651933623	0.0383199078176681
ENSG00000167985.7	0.775811814339249	3	0.855243344924487	0.999999999795678
ENSG00000167986.14	10.0188509462605	3	0.0184065732902097	0.139685792464489
ENSG00000167987.11	1.89303906456507	3	0.594900782815174	0.995948394308959
ENSG00000060971.19	3.03534874840261	3	0.386207139905739	0.852431604469325
ENSG00000168028.14	0.731992995832115	3	0.865654305950693	0.999999999795678
ENSG00000168038.11		9	1	
ENSG00000168056.16	32.6382896817377	12	0.00110208554292007	0.0199879362336756
ENSG00000168071.22	2.78752027109294	3	0.425558425153698	0.886206563760861
ENSG00000168077.14	0.317295561326318	3	0.956743500772581	0.999999999795678
ENSG00000170903.11	1.65677551669251	6	0.948409249521174	0.999999999795678
ENSG00000100354.21	28.5382241448947	6	7.43806057649956e-05	0.00225001332439112
ENSG00000168904.15	6.82526660286476	9	0.655305914820414	0.999999999795678
ENSG00000171016.12	3.71883967241297	3	0.293468622715228	0.752181512599543
ENSG00000114026.21	7.17867139988266	6	0.304639517644731	0.76746816952947
ENSG00000181444.13	5.69342040872152	3	0.127516897740351	0.477275849483392
ENSG00000170464.10	40.752143459169	12	5.39025904720128e-05	0.0017272264859945
ENSG00000080546.13	0.0407727475731008	3	0.99783694405176	0.999999999795678
ENSG00000171566.12	36.4584433602795	9	3.28663337372032e-05	0.00120021336760138
ENSG00000154864.13	0.28504637698552	3	0.962815873985347	0.999999999795678
ENSG00000170365.10	1.71666338388422	3	0.633235520618132	0.999999999795678
ENSG00000170469.10	3.61288415939453	3	0.30641383488443	0.769070266070612
ENSG00000170502.13	4.75729657595002	6	0.575297048923816	0.983744605700354
ENSG00000170315.14	1.46400883561	3	0.69060163133266	0.999999999795678
ENSG00000171174.15	30.6589905069732	3	1.00284378525175e-06	6.7190533611867e-05
ENSG00000169439.12	4.4205673407705	6	0.619957557739569	0.999999999795678
ENSG00000071054.16	7.75139112538091	15	0.933362414869042	0.999999999795678
ENSG00000171298.13	0.588185566812172	3	0.899131611487211	0.999999999795678
ENSG00000125944.21	2.0169368928764	6	0.918134342333788	0.999999999795678
ENSG00000170522.10	5.05870623289229	9	0.829160941684591	0.999999999795678
ENSG00000168556.7	0.466931023475809	3	0.926094084269672	0.999999999795678
ENSG00000171940.13	6.78351381463108	6	0.341332658621614	0.804413913792274
ENSG00000171302.17	3.39659988063067	6	0.757671917568889	0.999999999795678
ENSG00000168564.6	4.6641150371288	6	0.587555958014714	0.991396525909837
ENSG00000051825.15	36.2719578299811	6	2.44062010200825e-06	0.00014442413990497
ENSG00000172113.9	6.70619698409428	15	0.965295677326245	0.999999999795678
ENSG00000170296.10	1.00388814136386	6	0.985464499820017	0.999999999795678
ENSG00000169964.8	1.74547879750025	3	0.626870596549272	0.999999999795678
ENSG00000080503.24	37.341955273645	18	0.00472836632528319	0.0565381501461222
ENSG00000169607.13	11.4131467915722	3	0.0096892912778049	0.0911265480152718
ENSG00000121940.16	9.58952628445695	9	0.384724907687245	0.850837301545362
ENSG00000109919.10	8.64004646177637	9	0.471141990289335	0.921379939815744
ENSG00000164045.12	8.02612738980315	9	0.531515363943854	0.956354349215692
ENSG00000189091.13	9.44052134259255	9	0.397642641577187	0.864723416112192
ENSG00000171604.12	8.66300510023939	6	0.193436146101606	0.603380852807127
ENSG00000130779.20	16.4252953423202	12	0.172523843564958	0.567288292184616
ENSG00000170473.17	1.79918270585767	3	0.615112804307094	0.999999999795678
ENSG00000171097.14	6.08121478299654	6	0.414154169823099	0.877102365401219
ENSG00000116521.11	3.59558671221021	6	0.731211917577133	0.999999999795678
ENSG00000150995.19		12	1	
ENSG00000172382.10	2.51594423231313	3	0.472416493704007	0.921379939815744
ENSG00000166199.13	11.9254570635512	9	0.217544383944662	0.640389368423882
ENSG00000168876.9	3.78266056552093	9	0.925126074727564	0.999999999795678
ENSG00000169679.15	21.5038572188168	3	8.27256693416134e-05	0.00243010752794176
ENSG00000170584.11	7.3787606533042	9	0.597748422395718	0.998115578458708
ENSG00000168297.16	9.02498028637842	3	0.028960597106686	0.189647464251942
ENSG00000075539.15	7.82645175421521	9	0.55172604597932	0.966210808531499
ENSG00000171105.14	0.576955016852935	3	0.901687127790471	0.999999999795678
ENSG00000171469.11	14.3275597476277	12	0.280281822345979	0.737398943711648
ENSG00000168228.15	0.103107517137687	3	0.991461919852844	0.999999999795678
ENSG00000108312.15	6.6179275644281	6	0.357629459351321	0.822926966730769
ENSG00000171303.7	1.76664880232556	3	0.622219280824978	0.999999999795678
ENSG00000169992.10	0.678167955777099	3	0.878326652519434	0.999999999795678
ENSG00000170892.12	1.1023497165952	3	0.776506883159678	0.999999999795678
ENSG00000132535.21		15	1	
ENSG00000186184.19	1.76940836029826	3	0.621614536662649	0.999999999795678
ENSG00000159147.18	4.94197576501392	6	0.551276472541379	0.966210808531499
ENSG00000064490.14	4.73012462729821	9	0.857170942304985	0.999999999795678
ENSG00000169379.16	3.2124781434577	6	0.781744891908989	0.999999999795678
ENSG00000168685.15		3	1	
ENSG00000169223.15	2.08686006150674	3	0.554575633091614	0.967819968976312
ENSG00000171984.15	0.563592433218673	3	0.904714071245657	0.999999999795678
ENSG00000111554.14	19.146751225454	12	0.0850479283339602	0.373097161798385
ENSG00000171208.10	2.9279954880185	6	0.817828416709998	0.999999999795678
ENSG00000172354.10	7.42127214162611	6	0.283637539695827	0.739427948539372
ENSG00000170571.12	1.64761208318032	3	0.648642923412522	0.999999999795678
ENSG00000172071.14		6	1	
ENSG00000169228.14	8.77707189829744	6	0.186508992396566	0.591097889507022
ENSG00000168936.11	15.6170455228967	6	0.0159639129417908	0.124561542078054
ENSG00000110422.12	6.30268728897408	6	0.390150852014626	0.858331874432177
ENSG00000170515.14	3.25876825070009	3	0.353422687366386	0.817693415091121
ENSG00000176371.14	21.4287668008765	9	0.0108768406295477	0.0981943730331218
ENSG00000172828.13	1.82350240259416	3	0.609833953552315	0.999999999795678
ENSG00000169241.19	2.06141991302138	6	0.91396397970752	0.999999999795678
ENSG00000168778.12	0.402234156655595	3	0.939780584623809	0.999999999795678
ENSG00000011028.14	3.08231512900966	3	0.379107105736778	0.844898760493892
ENSG00000171241.9	11.4092433765982	3	0.00970679421290725	0.0911853773859086
ENSG00000169057.24	168.629176991828	12	9.10301658814768e-30	1.05425936400162e-26
ENSG00000198353.8	2.47407785674682	3	0.479994015633127	0.926580512635038
ENSG00000169925.17	5.29666723423634	6	0.506364470355593	0.943584911996937
ENSG00000170638.9	8.7092434806691	6	0.190602350151177	0.599129778111322
ENSG00000168374.11	0.541703634895384	3	0.909638292181345	0.999999999795678
ENSG00000180806.5	7.18761270145842	6	0.303844987813663	0.766850908694932
ENSG00000169519.21	3.33061918140538	6	0.766351449984151	0.999999999795678
ENSG00000180818.5	72.0403122917924	9	6.05280426054119e-12	1.58290594000669e-09
ENSG00000171806.12	0.28666516294652	3	0.962516578635949	0.999999999795678
ENSG00000169814.16	0.906633903348848	3	0.823826607438051	0.999999999795678
ENSG00000140386.13	10.2032988996584	9	0.33427922529766	0.795888892654371
ENSG00000170634.13	2.01975126622347	6	0.917873141684163	0.999999999795678
ENSG00000121892.15	2.77376390537393	3	0.427837075543738	0.888692138095284
ENSG00000170906.16	2.10124784329673	3	0.55166035739486	0.966210808531499
ENSG00000170345.10	112.894839650544	6	5.04475045511476e-22	2.92127085282967e-19
ENSG00000160741.17	13.4515931288679	3	0.00375514958184291	0.0490361502404096
ENSG00000170348.9	26.108918222948	9	0.0019608066136776	0.031108139368071
ENSG00000168661.15	8.83399502026828	6	0.183131568053205	0.584506937876902
ENSG00000148090.12	2.45209166045242	3	0.484011441175372	0.928509406911675
ENSG00000171735.19	8.9780426495854	6	0.174816707907245	0.570776903344354
ENSG00000087903.13	0.984133107822458	3	0.80509119910519	0.999999999795678
ENSG00000154781.16	41.1093280978666	9	4.77789006209248e-06	0.000247952289182208
ENSG00000171310.11	19.1428502973654	6	0.00392906127572706	0.0509646396197109
ENSG00000169604.19	10.9413079120277	6	0.0902074082555757	0.386023056137423
ENSG00000172456.18	0.979568885196159	3	0.806195514807893	0.999999999795678
ENSG00000131650.14	2.65682661599112	3	0.447614086085409	0.902688406938908
ENSG00000170791.18	3.67623462968913	6	0.720393740086267	0.999999999795678
ENSG00000156239.12	5.02260970700172	3	0.170149017248806	0.564114281697679
ENSG00000213760.10	1.24462268937509	3	0.742323028439112	0.999999999795678
ENSG00000168090.10	0.872664550639456	3	0.832018962244717	0.999999999795678
ENSG00000170955.10	1.89490750272671	3	0.594502854685437	0.995586581891105
ENSG00000171453.20	10.4125534893028	6	0.10831940915581	0.431309160130723
ENSG00000118960.13	3.96615914235372	6	0.681256168507162	0.999999999795678
ENSG00000157985.19	29.1634702079518	15	0.0153223273373914	0.121306745824445
ENSG00000172057.10	7.2162978272936	6	0.301306628710388	0.763580130964399
ENSG00000170852.11	1.87627268243887	3	0.598479416108826	0.998115578458708
ENSG00000141968.8	4.71827132814974	6	0.580420672200332	0.986542727419424
ENSG00000128641.19	2.10982508632151	6	0.909325822464099	0.999999999795678
ENSG00000169609.14	4.10194963171671	6	0.662881983461622	0.999999999795678
ENSG00000103942.13	8.80052251853522	9	0.455887922732417	0.909196405803618
ENSG00000171067.11	7.57245778300785	6	0.271128206088384	0.725424543484662
ENSG00000168096.15	17.0655594301206	15	0.314960389717363	0.777052806796212
ENSG00000168101.14	2.80512849491424	3	0.422656371175307	0.885026340343187
ENSG00000103932.12	11.105118626796	6	0.0851814407341442	0.373480767999841
ENSG00000113648.16	9.89386029544403	12	0.625271803415787	0.999999999795678
ENSG00000110066.15	19.6815762956994	12	0.0733543511308723	0.34216554926236
ENSG00000145730.20	3.02555020411091	6	0.805633245981355	0.999999999795678
ENSG00000170917.14	5.00270856632051	3	0.171598917170576	0.566199601750859
ENSG00000186416.17	0.0750295793550322	3	0.994655426261297	0.999999999795678
ENSG00000171824.14	0.0866179060249124	3	0.993393476436225	0.999999999795678
ENSG00000171943.12	0.742578890625737	3	0.86314615190152	0.999999999795678
ENSG00000147889.17	5.91931527212728	9	0.747965639902818	0.999999999795678
ENSG00000169592.15	2.99736446185852	6	0.809177546089926	0.999999999795678
ENSG00000109686.18	11.7450089515078	9	0.228069178367268	0.658225998228352
ENSG00000005889.15	15.8958636494663	9	0.0690883308141449	0.330832308275412
ENSG00000171848.15	6.569565176178	12	0.884700073252473	0.999999999795678
ENSG00000168958.20	1.3264244813181	3	0.722868090346797	0.999999999795678
ENSG00000168234.13	8.48864283378498	6	0.20444372780147	0.620931487230206
ENSG00000087884.14	3.3933959029855	3	0.334853771632198	0.796321363045534
ENSG00000146223.16	3.71597279275011	6	0.715048425813084	0.999999999795678
ENSG00000100731.16		9	1	
ENSG00000175556.17	15.7199112533124	6	0.0153389381320455	0.121319777011212
ENSG00000143742.14	0.0684462419012561	3	0.995334019406937	0.999999999795678
ENSG00000189159.16	1.05094074679073	6	0.983607282381605	0.999999999795678
ENSG00000170606.15	4.22482569571002	6	0.64628070836207	0.999999999795678
ENSG00000126522.17	15.3531860991552	12	0.222687578383788	0.649093809668771
ENSG00000111907.21	11.4027721060997	12	0.494752353709221	0.936545868418111
ENSG00000169919.17	0.326716026334907	3	0.954928045241171	0.999999999795678
ENSG00000172123.12	6.24244401538817	6	0.39658672557494	0.863585437613764
ENSG00000140987.20	20.5535692345438	9	0.0147871269556073	0.118224100817661
ENSG00000188290.11	6.07592445996852	6	0.414738987328641	0.877656208544699
ENSG00000170619.10	0.665390953632596	3	0.881312545517523	0.999999999795678
ENSG00000171840.12	11.7910821352907	6	0.0667951219624303	0.324375514609243
ENSG00000163872.16	2.94726604927382	3	0.399827379954434	0.866200011748825
ENSG00000167165.19	4.39222051292018	6	0.623756943344993	0.999999999795678
ENSG00000171320.15	34.0145098859875	3	1.96726317839364e-07	1.6441858337358e-05
ENSG00000077463.15	0.0818645014096546	3	0.993921152817236	0.999999999795678
ENSG00000171813.14	1.12569947629345	3	0.770874028384539	0.999999999795678
ENSG00000169126.16	8.91677163761278	3	0.0304181657062405	0.195714340778168
ENSG00000171720.10	10.7615052602923	3	0.0130879497230928	0.110408663708527
ENSG00000168758.11	8.20268540557936	6	0.223627016053412	0.650264058683252
ENSG00000170242.19	32.3227503148592	9	0.000175096751771954	0.00454970950838216
ENSG00000166575.17	7.46703676068046	6	0.279804320276891	0.737132763808894
ENSG00000168763.16	7.11900787169361	6	0.309981591150741	0.773475149110206
ENSG00000134597.16	0.48483610119365	3	0.922209998820806	0.999999999795678
ENSG00000172037.14	3.69945869233925	6	0.71727084944319	0.999999999795678
ENSG00000171763.20	1.07500818860353	3	0.783110371957419	0.999999999795678
ENSG00000114416.18	7.31583121181029	9	0.604273284861815	0.999999999795678
ENSG00000169217.9	2.23286245475902	3	0.525504531128176	0.953075047686057
ENSG00000172007.7	5.19445284771678	6	0.51912609012679	0.950985646027984
ENSG00000106638.17	11.1055299237196	15	0.745078274248441	0.999999999795678
ENSG00000168806.8	0.450257760250679	3	0.929675480131611	0.999999999795678
ENSG00000168237.18	2.87648381345753	9	0.968991100503035	0.999999999795678
ENSG00000187741.15	12.7853811522546	9	0.172560428063422	0.567288292184616
ENSG00000172292.15	0.321987534642631	3	0.95584154252645	0.999999999795678
ENSG00000148660.20	10.1172532321434	12	0.60567476831266	0.999999999795678
ENSG00000112419.14	28.8120156310783	9	0.000697078889057377	0.0141280463839704
ENSG00000121289.18	13.431270747019	9	0.144042807919022	0.511634427117321
ENSG00000189050.16	4.91354159283219	9	0.841778960292752	0.999999999795678
ENSG00000172115.9	4.25937909656204	6	0.641620880264994	0.999999999795678
ENSG00000171055.15		6	1	
ENSG00000186716.21		6	1	
ENSG00000172059.11	11.6644976400207	6	0.0698858651820574	0.333202299649363
ENSG00000170836.12	3.24233721095152	6	0.777873756399137	0.999999999795678
ENSG00000172167.8	5.38644812781695	6	0.49528580743818	0.936545868418111
ENSG00000143797.12	69.3519833321589	9	2.039918036048e-11	5.01139864189126e-09
ENSG00000196793.13	9.60653382285636	6	0.14222978882466	0.508626774592642
ENSG00000123064.13	3.68845888816577	12	0.98842486759841	0.999999999795678
ENSG00000172046.19	10.9138002166364	9	0.281663826657265	0.738263382706255
ENSG00000172171.11	7.64453690153641	6	0.265318888711642	0.717095503681394
ENSG00000157193.18	2.70115242452266	12	0.997311279343874	0.999999999795678
ENSG00000171456.20	6.0537118198954	9	0.734530775243787	0.999999999795678
ENSG00000172183.15		9	1	
ENSG00000169087.11	1.49505362523905	3	0.683412420745896	0.999999999795678
ENSG00000171103.11	1.51057748680614	3	0.679831212523113	0.999999999795678
ENSG00000162627.17	0.785383076120525	3	0.852959919069539	0.999999999795678
ENSG00000172053.18	18.4162856921321	6	0.00527188139428853	0.0606228971113434
ENSG00000187954.12	30.2155264670837	12	0.00259114812810485	0.0378494376117946
ENSG00000171132.14	1.07776127528757	3	0.782445129924047	0.999999999795678
ENSG00000172172.8	1.48912566660147	3	0.684782385561547	0.999999999795678
ENSG00000168404.13	0.650468478381299	3	0.884787656503567	0.999999999795678
ENSG00000157916.20	7.73934072488919	9	0.560612862673042	0.971853640598383
ENSG00000005700.15	19.1588406045803	3	0.000253482408451057	0.00620840448734961
ENSG00000168874.13	2.90502865649614	6	0.820668912789111	0.999999999795678
ENSG00000168476.12	0.583062578385579	3	0.900298624278555	0.999999999795678
ENSG00000154153.13	9.95814752041224	6	0.126425618951314	0.475165736132731
ENSG00000168502.17	14.2080450058247	12	0.287620726171645	0.744727316216394
ENSG00000168887.11	4.0307654784483	9	0.909375962553572	0.999999999795678
ENSG00000168487.19	3.37929599194467	6	0.759953376938239	0.999999999795678
ENSG00000168890.14	10.1084066997264	12	0.606450661939769	0.999999999795678
ENSG00000170310.15	1.31254150161476	3	0.726157148946363	0.999999999795678
ENSG00000244405.8	0.886373465255929	3	0.828714898298079	0.999999999795678
ENSG00000171634.18	31.2288593715821	18	0.0270806736978754	0.181938389064111
ENSG00000171658.8		12	1	
ENSG00000168495.13	16.6409796759635	9	0.0546441639554716	0.28636085144603
ENSG00000168906.13	22.9877590207616	3	4.06209634101679e-05	0.00140732542891552
ENSG00000250565.7	13.9276705514367	12	0.305350955584096	0.768088995129103
ENSG00000170632.14	11.5132576521228	6	0.073751090426266	0.343029311581032
ENSG00000168944.17	13.4646617888611	9	0.142683052266263	0.508998906418536
ENSG00000170088.14	2.01782472217656	6	0.918051982287762	0.999999999795678
ENSG00000170100.13	4.6525284107388	6	0.589086178663887	0.992312716742008
ENSG00000286140.1	0.167529789398031	3	0.982652598741318	0.999999999795678
ENSG00000141524.16	2.04218824441887	3	0.563696709803763	0.973559698845144
ENSG00000171163.16	1.42388121969998	6	0.964389595501705	0.999999999795678
ENSG00000170142.12	2.80115480927634	3	0.423309850167287	0.885340242114052
ENSG00000178927.18	8.95783939651665	3	0.0298567184497022	0.193021065766935
ENSG00000170667.15	17.2880332649835	3	0.000616592897958781	0.0126549838575996
ENSG00000169683.8	0.366946683145216	3	0.946982621513548	0.999999999795678
ENSG00000169689.15	5.05812941188924	6	0.536379524706698	0.960356303554987
ENSG00000171017.11		3	1	
ENSG00000144354.14	18.902695110919	9	0.0260330866073564	0.177191746323601
ENSG00000169696.16	4.97122459955426	6	0.547509059906807	0.964597935582882
ENSG00000169710.9	2.74315705026675	6	0.840323608202115	0.999999999795678
ENSG00000244005.13	5.11491063504946	6	0.52916182773999	0.954552444230318
ENSG00000169718.18	9.27041507132526	12	0.679676291854704	0.999999999795678
ENSG00000141564.15	13.6818410849664	6	0.0333992892863958	0.207644201107984
ENSG00000169727.12	3.00167459712247	6	0.808636621344287	0.999999999795678
ENSG00000172239.14	8.34424308378948	9	0.499861321200112	0.939481600504722
ENSG00000172244.9	10.81376015973	9	0.288691127606888	0.746545126478162
ENSG00000169738.8	3.6872759680482	6	0.718909417653763	0.999999999795678
ENSG00000213380.15	7.83664802727435	6	0.250316882716438	0.696164311554773
ENSG00000169750.9	33.0272676892455	6	1.03599122101454e-05	0.000477203456179822
ENSG00000171574.18		12	1	
ENSG00000145216.16	15.9850289871029	6	0.0138345491513614	0.113390673917431
ENSG00000172262.11	6.49945196768749	9	0.689075548881831	0.999999999795678
ENSG00000170185.10	0.726767048022339	3	0.866890733744358	0.999999999795678
ENSG00000170234.13	2.8202677145764	6	0.831043456199064	0.999999999795678
ENSG00000168646.13	3.24775611132964	6	0.77716974441295	0.999999999795678
ENSG00000117481.10		12	1	
ENSG00000168273.8	3.35918413031322	6	0.762600497934796	0.999999999795678
ENSG00000172432.19	21.5527435912336	15	0.120078950141122	0.463109657390443
ENSG00000174373.16	9.20304011780672	6	0.162477115912605	0.549062934015626
ENSG00000138592.14	20.954970492905	12	0.0510437390981987	0.273504027011961
ENSG00000103978.16	0.818903371378838	3	0.844940458052077	0.999999999795678
ENSG00000169016.17	8.34480238116521	9	0.499806331833531	0.939481600504722
ENSG00000168517.10	3.14864977016623	6	0.789971826032906	0.999999999795678
ENSG00000170248.15	13.1336362392904	9	0.156652016354059	0.536908704243388
ENSG00000132849.21	4.90912061393283	6	0.555520928125783	0.968101497058409
ENSG00000154719.14	0.60231553826452	3	0.895902079742162	0.999999999795678
ENSG00000197008.10	14.5942686522758	12	0.264377789511357	0.715629629238255
ENSG00000170801.10	0.56683867785614	3	0.90398012695706	0.999999999795678
ENSG00000225697.13	0.942381927172391	3	0.815189872567744	0.999999999795678
ENSG00000168209.5	9.14937819377519	3	0.0273693576572738	0.183072097794982
ENSG00000152910.19	0.598242412581726	3	0.896834614733316	0.999999999795678
ENSG00000189180.16		12	1	
ENSG00000171160.18	0.503653842301446	3	0.918087948266776	0.999999999795678
ENSG00000169193.12	13.4167752210997	6	0.0368747884524781	0.223092470137493
ENSG00000170264.13	19.2398656189905	6	0.00377714402912195	0.0492303965339095
ENSG00000170846.17	34.6513600543767	6	5.03424382181952e-06	0.000253494501015471
ENSG00000081026.19	3.6219978873396	6	0.727673978707018	0.999999999795678
ENSG00000168172.9	19.0987275873747	6	0.00400010611938125	0.0514743814441648
ENSG00000168256.18	2.05765017435988	3	0.560527816564298	0.971853640598383
ENSG00000172366.20	7.01822062385327	6	0.319165453972289	0.780424645141021
ENSG00000186272.12	5.39847584660868	3	0.144838568862723	0.512799957407287
ENSG00000171992.13	5.20448396211941	6	0.517866884200915	0.950985646027984
ENSG00000166377.20	3.57139081712558	9	0.937296234392983	0.999999999795678
ENSG00000171552.13	0.455624908729078	3	0.928526483879803	0.999999999795678
ENSG00000171428.15		3	1	
ENSG00000171497.5	6.20541881114332	3	0.102032810087664	0.415877320955602
ENSG00000078403.17	46.4492638486772	15	4.50933529346298e-05	0.00151689548647736
ENSG00000168438.15	10.24711558945	3	0.0165782419947772	0.128244091461507
ENSG00000171503.12	50.030463855428	9	1.06312267515191e-07	9.64238405229692e-06
ENSG00000172009.15	1.85210521356203	6	0.932785404885646	0.999999999795678
ENSG00000266074.9	8.46430305362355	12	0.747876179611283	0.999999999795678
ENSG00000169249.13	0.597006304786191	3	0.897117368266413	0.999999999795678
ENSG00000100325.15	7.97458866909074	6	0.239970924368601	0.678564451990321
ENSG00000172493.21	0.944111525637709	3	0.81477171057584	0.999999999795678
ENSG00000100461.18	11.9264124300316	6	0.063630731323907	0.3164122303096
ENSG00000131446.17	4.50100162660965	6	0.609205657841288	0.999999999795678
ENSG00000173559.14	27.3299500015455	12	0.00692456196101053	0.0724353855714998
ENSG00000174748.22	1.5565223954618	6	0.955651949888807	0.999999999795678
ENSG00000115756.13	4.0188355052378	3	0.259437405548829	0.710747462313208
ENSG00000042286.15	1.24792730944682	3	0.741533780776401	0.999999999795678
ENSG00000174233.11	15.7240375276142	9	0.07287287509041	0.340703805281404
ENSG00000103018.17	6.35941675113281	9	0.703476774016279	0.999999999795678
ENSG00000174442.12	0.623481965012616	3	0.891036296860894	0.999999999795678
ENSG00000065457.10	10.1078554206033	12	0.606499013654038	0.999999999795678
ENSG00000217128.12	67.2174774920432	3	1.68234108565076e-14	6.19942690062304e-12
ENSG00000174444.15	1.73149519972503	6	0.94266397446736	0.999999999795678
ENSG00000137166.15	0.206742030243731	3	0.976493634633544	0.999999999795678
ENSG00000174446.13	2.75164203397435	6	0.8393102005826	0.999999999795678
ENSG00000172613.8	4.28187706966492	6	0.638589427447076	0.999999999795678
ENSG00000128626.11	4.98387800555793	3	0.172981489605212	0.567730353414736
ENSG00000174915.12	3.56551746904006	6	0.735233463231586	0.999999999795678
ENSG00000172663.9	31.9239586066942	9	0.000205245717418364	0.00515147687650364
ENSG00000174243.10	1.64629941324529	3	0.648937891252678	0.999999999795678
ENSG00000049883.15	13.6718513581036	12	0.322152184727236	0.783698863973725
ENSG00000173451.7		6	1	
ENSG00000173166.18		3	1	
ENSG00000175305.17	10.8261304902726	3	0.0127041831270493	0.108527726671221
ENSG00000172732.12	6.33669109662515	6	0.386549251057984	0.852954485118964
ENSG00000172830.13	21.8459135031699	9	0.00938036017051952	0.0890475174501191
ENSG00000174137.12	3.21309106877084	3	0.359923062349807	0.8261314457729
ENSG00000175309.15	15.038670852955	12	0.239328458667637	0.677931083961579
ENSG00000102900.13	7.77606044072309	6	0.254973104561878	0.704521799142175
ENSG00000172757.13	6.0845270822756	6	0.41378828184039	0.877014797615696
ENSG00000102034.17	1.40514829970743	3	0.704328386051449	0.999999999795678
ENSG00000135469.13	13.8131925799607	9	0.12912722365475	0.479979093154083
ENSG00000174628.16	14.2695874282259	3	0.00256024454141263	0.0375332775718485
ENSG00000174672.16	5.59631825767519	9	0.779541149624043	0.999999999795678
ENSG00000174099.12	22.1924840965312	6	0.00111735785509872	0.0201298225139674
ENSG00000090686.16	4.8199186232232	9	0.849715309391095	0.999999999795678
ENSG00000167196.14	1.26515048220608	3	0.737424596727093	0.999999999795678
ENSG00000106404.14	12.2626487635666	6	0.0563594689177868	0.293076468580178
ENSG00000237296.9	14.0554608073344	6	0.0290227344377838	0.189872519995814
ENSG00000174953.14	6.49955957220664	9	0.689064449911255	0.999999999795678
ENSG00000173540.13	3.00444378610155	3	0.39094053917816	0.859136609139968
ENSG00000164305.19	0.4311525234898	3	0.933734529160997	0.999999999795678
ENSG00000172922.11	19.8979519096174	9	0.0185527301467829	0.140059732038545
ENSG00000172932.16	5.68619613352439	6	0.459243954163889	0.912106879388296
ENSG00000138138.13	2.75215705935261	3	0.431436390412279	0.890895266702074
ENSG00000048649.13	16.9800805824925	15	0.32005658612202	0.781771239436944
ENSG00000173320.12	4.39990687186855	6	0.622726235880969	0.999999999795678
ENSG00000158941.16	2.82651650556363	6	0.830284657712828	0.999999999795678
ENSG00000173548.9	0.267959681881166	3	0.965937283141722	0.999999999795678
ENSG00000138594.14	11.167416376521	3	0.0108541961996073	0.0980991846044779
ENSG00000169371.14	1.18280130108906	3	0.757132156461936	0.999999999795678
ENSG00000160072.20	1.36202183370187	6	0.968127871102081	0.999999999795678
ENSG00000153094.24	13.7592953212279	9	0.131148872305245	0.484163892431067
ENSG00000174437.17	12.29096925864	9	0.19739844164832	0.609428517286192
ENSG00000072062.14	1.07553751175874	3	0.782982463941088	0.999999999795678
ENSG00000173692.13	12.8222864915806	3	0.00503711565639131	0.0589262577581015
ENSG00000174938.14	9.58923209870409	9	0.384750160042593	0.850837301545362
ENSG00000213983.12	0.106501692265738	3	0.991045941456488	0.999999999795678
ENSG00000066136.20	8.0485575303901	9	0.529260298114627	0.954552444230318
ENSG00000175548.9	37.6567535620452	6	1.31095384290638e-06	8.5023222435536e-05
ENSG00000174939.11	10.6020595279988	12	0.56329426473974	0.973279327417962
ENSG00000174943.11		6	1	
ENSG00000143207.21	21.9630091007075	9	0.00899695415261673	0.0865223099825194
ENSG00000173402.12	1.76736398156208	3	0.622062517863412	0.999999999795678
ENSG00000173120.15	14.7421065499602	9	0.0982678368085639	0.405217371824531
ENSG00000173137.12	0.834132030178807	6	0.991127104912207	0.999999999795678
ENSG00000063244.13	6.0828820997267	6	0.413969966341124	0.877072355076097
ENSG00000173581.8	10.4243338304523	6	0.107882584165344	0.430422906717683
ENSG00000177646.19	0.216687550695497	3	0.974851434310201	0.999999999795678
ENSG00000173905.9	0.205466845964111	3	0.97670197404861	0.999999999795678
ENSG00000173960.14	1.46853590230603	3	0.689551031789205	0.999999999795678
ENSG00000175029.17	7.39866382738001	6	0.285546192395586	0.742438416212641
ENSG00000198707.17	44.1023859407051	12	1.46702627472457e-05	0.00063599903792471
ENSG00000084093.19	10.2181289131572	6	0.115761615855679	0.452228310826695
ENSG00000175279.22	0.0753007306047948	3	0.994626862987589	0.999999999795678
ENSG00000174456.15	12.496318331132	9	0.186752520839731	0.591638408146814
ENSG00000172954.14	2.62628992361306	3	0.452899213811075	0.906887154578438
ENSG00000174306.21	42.643050814816	12	2.59473312250587e-05	0.000992240633214862
ENSG00000141994.16	9.54007598246608	3	0.0229088190374568	0.160677452836625
ENSG00000173327.8	2.91617296559889	6	0.819292118451315	0.999999999795678
ENSG00000157538.14	14.4508637911604	9	0.107166753501192	0.42889520090473
ENSG00000175348.11	5.90114169982553	6	0.434354988800372	0.894188901524789
ENSG00000172775.17	12.2854247013165	9	0.197692509915689	0.610084955419296
ENSG00000141738.14	19.6980193493218	12	0.0730184259977441	0.340967048314625
ENSG00000167716.19	20.2158967247779	9	0.0166257831114379	0.128489250414135
ENSG00000153113.24	2.97516766322951	9	0.965271341225853	0.999999999795678
ENSG00000106853.20	4.18559804349206	3	0.242107755325323	0.682939308428112
ENSG00000010704.18	11.5726777507507	12	0.480579041567292	0.926580512635038
ENSG00000133112.17	1.4335422697477	3	0.697691413828832	0.999999999795678
ENSG00000156508.18	0.70640174113214	3	0.871697171903765	0.999999999795678
ENSG00000124177.15	2.24902890720023	3	0.522355875387025	0.950985646027984
ENSG00000173442.13		3	1	
ENSG00000167658.16	1.34225863241591	3	0.719123635773312	0.999999999795678
ENSG00000173465.8	4.02923468967492	6	0.672720001365586	0.999999999795678
ENSG00000204316.13	0.265311332812416	3	0.966414751358174	0.999999999795678
ENSG00000160469.17	8.7241893080618	9	0.463113661523137	0.914607175144476
ENSG00000173511.9	4.84284668596956	6	0.564121647324655	0.974086090492222
ENSG00000117877.11	5.7344360602583	6	0.453586436325954	0.907770143176953
ENSG00000164162.14	6.47802799458441	9	0.691284415129727	0.999999999795678
ENSG00000118263.15	27.0032390018941	12	0.00771890336649916	0.0786613885443889
ENSG00000130734.10	0.851833032542345	3	0.837033225209759	0.999999999795678
ENSG00000163485.17	5.87841917933667	6	0.436946689591644	0.895787338304489
ENSG00000117411.16	2.73764820361976	9	0.973795054217107	0.999999999795678
ENSG00000138796.17	1.00946131923411	3	0.798962611628756	0.999999999795678
ENSG00000163320.12	20.4143053393782	12	0.0596434853663867	0.30334362350395
ENSG00000203896.10	12.2406003617325	9	0.20008277605716	0.613955835811242
ENSG00000137074.20	21.2826809288672	15	0.128038104341592	0.478343277372021
ENSG00000113448.19	57.4420406653808	6	1.48664803694853e-10	3.1716462198794e-08
ENSG00000118518.16	17.1443348778103	9	0.0465031026347603	0.258064525873078
ENSG00000173653.8	6.28322889230185	6	0.392221938064417	0.860264113564833
ENSG00000173041.12	20.8062241317737	3	0.000115495344968454	0.00321759711910398
ENSG00000173727.12	3.11736640537492	3	0.373881181379145	0.840473452025297
ENSG00000015171.20	3.32859203098815	6	0.766617238919275	0.999999999795678
ENSG00000160055.20	3.30721895041552	6	0.76941621846732	0.999999999795678
ENSG00000141562.18	10.2200637389469	9	0.332965447015661	0.794382165401424
ENSG00000147679.12	10.7610199120318	6	0.0960492233152728	0.400947270292132
ENSG00000134278.15	3.84506967986431	3	0.278687115122217	0.735933694558897
ENSG00000103365.15	15.3037486307203	6	0.018021337499626	0.137699324325606
ENSG00000135968.21	9.18668644302579	3	0.0269090534668826	0.181038752245658
ENSG00000126456.16	17.5419603652408	6	0.00748485229001089	0.0770046922780688
ENSG00000074370.18	5.41232455530371	3	0.143977642414891	0.511634427117321
ENSG00000174989.13	4.95226481293366	3	0.175326106319748	0.571497859170479
ENSG00000121542.12	6.55805076423712	9	0.683024794131438	0.999999999795678
ENSG00000213995.11	19.5412652207924	6	0.0033407829848729	0.0455188700140582
ENSG00000134852.15	22.7904194450184	9	0.00668456124446822	0.071024558334081
ENSG00000154889.17	2.53887148135073	6	0.864092213658093	0.999999999795678
ENSG00000174579.4	0.233034687981672	3	0.972088010299356	0.999999999795678
ENSG00000173898.14	25.6246448704806	9	0.00235259496978327	0.0353194211482092
ENSG00000172845.16	5.53311449956527	6	0.477463437639245	0.925696357199029
ENSG00000173914.12	14.865973102098	9	0.0946838688072745	0.397104047811989
ENSG00000071794.16	6.18707834118686	9	0.721058517746549	0.999999999795678
ENSG00000167600.14		3	1	
ENSG00000173011.12	1.52372840815451	3	0.676804753743282	0.999999999795678
ENSG00000173744.17	15.4751233722782	12	0.216475523353277	0.639493565118285
ENSG00000173933.21	9.81753468750685	6	0.132549333148693	0.487336709222883
ENSG00000175536.7	0.190488135792521	3	0.979110032260672	0.999999999795678
ENSG00000175166.17	9.82471052539768	3	0.0201164623291869	0.147989255991577
ENSG00000130270.16	2.75602648820313	6	0.838785775361706	0.999999999795678
ENSG00000007264.15	1.91999619572744	3	0.589176671885607	0.992312716742008
ENSG00000239306.5	1.65224119697086	3	0.647603330844965	0.999999999795678
ENSG00000174343.6	2.13391401173476	3	0.545082255342358	0.96399702487787
ENSG00000173992.9	1.8311506960963	3	0.608179770105033	0.999999999795678
ENSG00000214021.16	20.7234835904692	9	0.0139364201383841	0.113779011139859
ENSG00000173218.15	5.72681283705879	3	0.125684804340037	0.474153237567893
ENSG00000023330.15	4.16225526038033	6	0.654729354266964	0.999999999795678
ENSG00000073417.15	5.95661666824981	6	0.428067447793522	0.888692138095284
ENSG00000077454.16	3.26959768352754	3	0.35189654568017	0.815346100867627
ENSG00000174227.16	9.6814876306853	9	0.376880495209706	0.842747928062839
ENSG00000175455.16	18.8805355808036	9	0.0262280539118448	0.177933751517428
ENSG00000172534.14	3.5184263997744	3	0.318380130422146	0.77987443874025
ENSG00000174165.8	23.920408587921	6	0.000540158110337928	0.0114335817245681
ENSG00000173418.12	2.26081253790471	3	0.520069724123883	0.950985646027984
ENSG00000115159.16	0.688940430107323	3	0.875802137447796	0.999999999795678
ENSG00000175567.10	9.32270920512383	9	0.408034295038864	0.872115483754302
ENSG00000169733.12	6.51976475082847	6	0.367546839521537	0.832551614417742
ENSG00000146834.14	1.66363204980007	3	0.645049256286324	0.999999999795678
ENSG00000149187.18	7.38005101932322	6	0.28712499119367	0.744220704658312
ENSG00000125485.17	4.51763687147832	6	0.606987745016862	0.999999999795678
ENSG00000175575.13		3	1	
ENSG00000138074.15	0.131709990229865	3	0.987777745925664	0.999999999795678
ENSG00000175182.15	12.0367522483803	9	0.211245312146158	0.631605847287547
ENSG00000172992.12	8.17071434364061	15	0.916756181957545	0.999999999795678
ENSG00000174151.15	12.1044924881446	3	0.00703365181986435	0.0732928217270441
ENSG00000175581.14	2.99821633190732	6	0.809070666697025	0.999999999795678
ENSG00000175582.20	1.33492659573312	3	0.720856589467979	0.999999999795678
ENSG00000173801.17	0.396689746630727	3	0.940925463721094	0.999999999795678
ENSG00000272752.6	4.91217942578624	6	0.555125218483737	0.968000451462585
ENSG00000174370.11	0.956283439488061	3	0.811828362467876	0.999999999795678
ENSG00000129534.14	8.03959284399571	6	0.235216964558127	0.670265002345426
ENSG00000151694.14	22.1229164494534	9	0.00849747649688882	0.0836032062624729
ENSG00000173276.14	17.4632003916772	6	0.00772350626388721	0.0786613885443889
ENSG00000173812.11	17.7000092884991	9	0.0388178552137349	0.230378003087664
ENSG00000129480.13	1.0933132285154	3	0.778688537281722	0.999999999795678
ENSG00000174032.17	15.1169476366958	3	0.00171938783172716	0.0278781543036242
ENSG00000173226.17	6.42052939641326	6	0.377765598166085	0.843908984384804
ENSG00000172888.12	11.4242290051402	6	0.0761172744178138	0.348351825241029
ENSG00000167291.16	3.46853226517669	6	0.748151526678482	0.999999999795678
ENSG00000115677.17	3.43048029323109	3	0.32989115329593	0.792478416921895
ENSG00000117399.14	0.518683516624151	3	0.914767964214382	0.999999999795678
ENSG00000260916.7	9.72267254232429	9	0.373399483932717	0.839941814353897
ENSG00000173852.15	9.20113492622477	3	0.0267328352297175	0.180152198842327
ENSG00000174547.13	0.37528036168078	6	0.999042811098707	0.999999999795678
ENSG00000169682.18	3.71781867776735	6	0.714799922744055	0.999999999795678
ENSG00000172687.13	16.0990042555623	9	0.0648426841988535	0.318980364563171
ENSG00000110514.19	18.5778044643121	12	0.099239494394598	0.407772215436901
ENSG00000196705.8	20.7736158823909	12	0.0537954041658464	0.283594593193106
ENSG00000153048.11	3.47268936840555	6	0.747599641100681	0.999999999795678
ENSG00000172869.14	28.578575771302	18	0.0537790103629617	0.283594593193106
ENSG00000119661.15	11.2629932854006	12	0.506524763428466	0.943584911996937
ENSG00000175193.14	3.20613240661623	6	0.7825657956198	0.999999999795678
ENSG00000172809.13	4.3195499656722	6	0.633518361809306	0.999999999795678
ENSG00000120029.13	5.55313108741575	6	0.475058493957085	0.923351524936488
ENSG00000173638.19	2.11402181173253	6	0.90891886549783	0.999999999795678
ENSG00000173706.14	2.09968314493744	6	0.910306128860207	0.999999999795678
ENSG00000137713.16	6.92772891228924	9	0.644643786248782	0.999999999795678
ENSG00000174669.12	3.54201506359823	3	0.315353652328822	0.777379531783282
ENSG00000174840.9	1.48502766532602	3	0.685730223698643	0.999999999795678
ENSG00000120963.12	0.0458206412513391	3	0.997426948514854	0.999999999795678
ENSG00000135821.19	5.87374409427866	9	0.752485033089451	0.999999999795678
ENSG00000074219.14	12.7980504708867	6	0.0463573978565539	0.257940579562857
ENSG00000102786.15	43.4315102525234	12	1.90791612341561e-05	0.000785151066625905
ENSG00000250510.8	9.85754861103851	6	0.130780563619009	0.483024159115858
ENSG00000105221.18	16.5956223791582	9	0.0554381365907446	0.289770295592211
ENSG00000174791.11	4.98988126861423	9	0.835189441406694	0.999999999795678
ENSG00000113552.16	23.9697447700746	6	0.000528992610453948	0.0112856397182899
ENSG00000122557.11	7.81851563505006	6	0.251703168337476	0.698821090997232
ENSG00000175324.10	2.4372914896594	6	0.87541867569568	0.999999999795678
ENSG00000175449.14	3.76050952433275	6	0.709048040453901	0.999999999795678
ENSG00000165322.18	9.87880763218527	12	0.626591998642353	0.999999999795678
ENSG00000130349.10	5.37359471054333	9	0.800601354151023	0.999999999795678
ENSG00000174282.12	0.741589402821774	3	0.863380793791316	0.999999999795678
ENSG00000173083.15	32.0696713291022	9	0.000193681158280902	0.00490747767143521
ENSG00000172667.11	1.38708561767589	3	0.708564707071002	0.999999999795678
ENSG00000137309.20	0.16421869705664	3	0.983147763069599	0.999999999795678
ENSG00000196642.19	19.9162438204803	9	0.0184363880519308	0.139685792464489
ENSG00000087995.16	0.527226986087044	3	0.912870313966817	0.999999999795678
ENSG00000145287.11	17.5936903778329	9	0.0401910053118468	0.237081413565072
ENSG00000167526.14	0.986396964639425	3	0.804543442119516	0.999999999795678
ENSG00000135070.15	0.969945807039039	3	0.808523636018196	0.999999999795678
ENSG00000083799.18	37.8983115668943	12	0.000159550206140329	0.00419958935447938
ENSG00000120093.11	6.0590345039509	6	0.416609620404468	0.879950198623165
ENSG00000174013.8	1.63228293262455	3	0.652092234971575	0.999999999795678
ENSG00000103264.18	4.49415794088782	9	0.875990897019117	0.999999999795678
ENSG00000174796.12	12.211229495113	6	0.0574190610408238	0.296494476342649
ENSG00000188234.13	17.3517057293575	15	0.298277769908815	0.759629944230337
ENSG00000173918.15	4.84756308783403	6	0.563507896330476	0.973440979235281
ENSG00000159322.17	0.340461446197878	3	0.95224749507203	0.999999999795678
ENSG00000173064.13	24.7278069847171	9	0.00328750124738028	0.0451724959534101
ENSG00000175213.3	0.676797970942062	3	0.878647250973244	0.999999999795678
ENSG00000172840.7	5.26652840663201	6	0.510111194302846	0.945682929845226
ENSG00000173163.10	10.5724276289511	3	0.0142775425237636	0.115401831744917
ENSG00000173641.17	8.0574655469245	9	0.528365620445405	0.954552444230318
ENSG00000172590.18	1.38623009335424	3	0.708765624750629	0.999999999795678
ENSG00000136003.16	0.859316248155665	3	0.835232941636825	0.999999999795678
ENSG00000175595.15	12.8042226708601	6	0.0462524229121708	0.257706484072336
ENSG00000174206.13	19.2804070787633	9	0.0229114512741012	0.160677452836625
ENSG00000107815.10	11.3993194189134	6	0.076791676028217	0.350576364589744
ENSG00000168813.17	1.8573537291918	3	0.602534349128429	0.999999999795678
ENSG00000092108.21	7.36923410010058	9	0.598735550916222	0.998126219243761
ENSG00000055483.19	5.07074671674855	9	0.828097976477089	0.999999999795678
ENSG00000173480.11	1.01333660285536	3	0.798024936960465	0.999999999795678
ENSG00000164587.13	1.7784361820668	3	0.619638669041808	0.999999999795678
ENSG00000133895.16	8.30030174291096	6	0.216917596151653	0.639990491476923
ENSG00000175216.15	8.97521757863433	9	0.439564973580839	0.897620463682585
ENSG00000109685.18	10.2778039916011	6	0.113430115282743	0.446613863330354
ENSG00000205560.13	8.62645785774203	6	0.195701098901178	0.606478902443368
ENSG00000175334.8	1.59655507915886	3	0.660171184468518	0.999999999795678
ENSG00000175606.11		9	1	
ENSG00000119403.15	3.44112598118954	3	0.328478541159783	0.79184523734236
ENSG00000005302.19	66.7111953978511	15	1.70947098583354e-08	2.06845989285858e-06
ENSG00000143409.15	6.77582864025362	9	0.660445894977521	0.999999999795678
ENSG00000175376.9	9.30674547744457	9	0.409454278003255	0.872849285241228
ENSG00000127483.19	42.6010113154916	12	2.63751059960845e-05	0.00100386377610449
ENSG00000143164.15	1.71226594511245	3	0.634210247223594	0.999999999795678
ENSG00000109099.16	17.4530013451149	12	0.133336683940773	0.488018282938078
ENSG00000124222.22	4.92445861862507	9	0.84084302354768	0.999999999795678
ENSG00000152556.17	5.38846514376928	9	0.799215884175519	0.999999999795678
ENSG00000072195.15	25.6212182422059	12	0.0121384508559206	0.105360193885384
ENSG00000161800.13	0.261520594634931	3	0.967095134407381	0.999999999795678
ENSG00000175467.15	0.438577738179447	3	0.932162848194284	0.999999999795678
ENSG00000130559.19	1.02577327071413	3	0.795015920730946	0.999999999795678
ENSG00000011021.23	0.34123252720201	3	0.952096042804291	0.999999999795678
ENSG00000175482.9	4.90652099213912	12	0.961028476137533	0.999999999795678
ENSG00000175643.10	1.95054075574262	3	0.582735348959252	0.988468333694913
ENSG00000175550.8	2.24929088511271	3	0.522304967386173	0.950985646027984
ENSG00000112763.17	7.47575941280229	9	0.587712265009393	0.991396525909837
ENSG00000130724.9	2.43522664209013	3	0.487110882180342	0.930376669011414
ENSG00000174718.12	19.8815783262289	6	0.00290703671316177	0.0412738119677802
ENSG00000175592.9	0.87427264571329	3	0.831631549316787	0.999999999795678
ENSG00000143774.16	0.590370670339325	6	0.996558829053853	0.999999999795678
ENSG00000211451.12	4.75708079491733	9	0.854949185838985	0.999999999795678
ENSG00000139437.18	11.2073738515264	3	0.0106557848633238	0.0972820359087453
ENSG00000087586.17	3.96470036251412	9	0.913720448052558	0.999999999795678
ENSG00000146802.13	13.0685833083717	12	0.36407553140162	0.829735973621928
ENSG00000158717.11	7.93645736131475	3	0.0473433576295563	0.260992200162668
ENSG00000168453.15	21.5394829045181	9	0.0104588673842983	0.0960249579665982
ENSG00000104973.19	0.577448534171708	3	0.901575045108683	0.999999999795678
ENSG00000115548.17	15.600573687424	3	0.00136911958984381	0.0234165664870543
ENSG00000146094.15	5.21393220952996	6	0.516682181371141	0.950043648077986
ENSG00000129347.21	11.3000024741777	9	0.255704499342537	0.705821033765731
ENSG00000081177.18	21.1626324534745	9	0.0119475595018982	0.104261426137663
ENSG00000186318.16	8.40240181448462	9	0.494156638016062	0.935908593147587
ENSG00000137509.11	0.182438417337835	3	0.980373273057994	0.999999999795678
ENSG00000178685.14	9.46891442087372	9	0.395161582931255	0.863096489269252
ENSG00000131115.16	14.5024917327701	9	0.105539787304074	0.424620871302297
ENSG00000181396.13	3.82148832659186	6	0.700818947655346	0.999999999795678
ENSG00000173264.14	3.97516108099444	9	0.913039736885719	0.999999999795678
ENSG00000129667.13	18.0778199148749	9	0.0342813500046035	0.211258746790053
ENSG00000180448.10	7.75812952607339	9	0.55869281999686	0.97091590390451
ENSG00000147124.12	17.5812192181165	3	0.000536568672259837	0.0113873356701846
ENSG00000115875.19	99.5511534872639	9	1.9392797411292e-17	1.04811605742229e-14
ENSG00000161202.20	5.01810179014137	3	0.170476430959801	0.564114281697679
ENSG00000143319.17	9.43026921871933	9	0.398540741920657	0.864820608873331
ENSG00000175879.9	4.02480866882888	6	0.673318970877578	0.999999999795678
ENSG00000138614.15	3.86350983874581	6	0.695141059285897	0.999999999795678
ENSG00000147457.14	0.876466907902795	3	0.831102848268898	0.999999999795678
ENSG00000167767.14	0.380465586044011	3	0.944247618223021	0.999999999795678
ENSG00000149582.16		15	1	
ENSG00000157326.19	1.84923627822718	6	0.933028844366759	0.999999999795678
ENSG00000178719.17	2.87213747241185	6	0.824715393146419	0.999999999795678
ENSG00000013810.20	4.35437793168239	3	0.225653076541659	0.654280934021183
ENSG00000178397.13		3	1	
ENSG00000134717.18	3.23854683689569	6	0.778365929085744	0.999999999795678
ENSG00000179833.4	15.2151715283767	3	0.0016417035262352	0.0268713435544945
ENSG00000163539.17	3.89364167019994	6	0.691067013558446	0.999999999795678
ENSG00000179950.14	2.98603492046823	6	0.810597546775839	0.999999999795678
ENSG00000070882.13	29.2530453348591	12	0.0036129098081131	0.0477033547465356
ENSG00000009950.16	7.12466689381836	9	0.624141498343631	0.999999999795678
ENSG00000145916.19	3.27847406150249	6	0.773170687325756	0.999999999795678
ENSG00000178104.19	3.69617875983568	6	0.717712079406164	0.999999999795678
ENSG00000213563.7	10.8051011552179	6	0.0945900429819914	0.396915879117497
ENSG00000133030.22	40.5049530991819	9	6.15372227057069e-06	0.000302352887560707
ENSG00000174238.15	10.1609268670582	6	0.118036588396758	0.458365846962189
ENSG00000177683.14	6.7749515754258	3	0.0794274687958495	0.35816869607089
ENSG00000152455.16	5.86321163265347	9	0.753526788675113	0.999999999795678
ENSG00000059769.20	4.89094317534546	3	0.179959229113938	0.578022769582683
ENSG00000139323.14	6.15541644332006	6	0.406007507770776	0.869626334186508
ENSG00000168395.16	14.6180266097435	12	0.262992815367113	0.713937819027338
ENSG00000102984.15	6.06704348301878	6	0.41572192150828	0.878815545676044
ENSG00000104825.17	1.24652180797239	6	0.974524532016052	0.999999999795678
ENSG00000144591.19	0.218306382394076	6	0.999800242912223	0.999999999795678
ENSG00000105325.14	28.9694706667506	12	0.00398131853421433	0.0513957792306936
ENSG00000168014.16	21.3977359838427	12	0.0448509091485913	0.25373783703254
ENSG00000116584.20	11.1015816008294	9	0.268810276498529	0.722321813580899
ENSG00000111271.15	7.94544081338972	9	0.539653717074352	0.960881799258422
ENSG00000166444.19	44.2013815111277	15	0.000102258544759213	0.00291904937451739
ENSG00000153786.13	0.847801292835356	3	0.838002684656746	0.999999999795678
ENSG00000130703.17	11.0987763203193	6	0.0853711848766184	0.373914367406481
ENSG00000177706.9	3.77782148482584	6	0.706713227808108	0.999999999795678
ENSG00000026103.22	14.7870060708483	9	0.0969551741071185	0.403352899472671
ENSG00000178149.17	34.9940990039831	18	0.00946857891795875	0.0894659315709692
ENSG00000159200.18	3.51992242291453	6	0.741317244928187	0.999999999795678
ENSG00000179523.5	3.68513654357412	6	0.719197082445614	0.999999999795678
ENSG00000117262.19	9.8753040985066	3	0.019656384937602	0.145529052684146
ENSG00000103496.15	0.1536369637397	3	0.984702046390573	0.999999999795678
ENSG00000064042.18	6.40629253913357	6	0.37924749422762	0.844898760493892
ENSG00000011143.18	6.5699306524557	6	0.362454800728286	0.828449831667443
ENSG00000197976.12	7.89672611127753	6	0.245767502005505	0.689679693768263
ENSG00000197976.12_PAR_Y	30.1894864343549	6	3.6178265762164e-05	0.00129205815213156
ENSG00000138668.19	0.423266012920067	3	0.935395436472874	0.999999999795678
ENSG00000107614.22	8.40501240058507	6	0.209906732015363	0.629895230435583
ENSG00000251669.6	11.3566764283437	12	0.498623865711189	0.938404013049632
ENSG00000213801.4		3	1	
ENSG00000125945.15	3.63067466572011	3	0.304205319151708	0.766850908694932
ENSG00000112624.12		3	1	
ENSG00000180573.9	8.03142938223755	3	0.045366601309072	0.254523900908406
ENSG00000159259.8	0.906188764069157	3	0.823934066717886	0.999999999795678
ENSG00000170581.14	3.59663917816033	6	0.731071031294175	0.999999999795678
ENSG00000181830.9	3.80127457837261	3	0.283737910720185	0.739427948539372
ENSG00000166441.13	2.15747709060088	6	0.904660503365452	0.999999999795678
ENSG00000104763.20	0.349933331177454	3	0.950379325819632	0.999999999795678
ENSG00000188092.15	4.56611068124948	6	0.600537176951339	0.9997032635615
ENSG00000178950.17	3.14294225894628	6	0.790704122389851	0.999999999795678
ENSG00000134138.20	28.1733646049088	18	0.0594655071010353	0.302818383208601
ENSG00000253729.8	5.73416733075283	3	0.125284676500428	0.473272339742966
ENSG00000111077.18	13.8112142801274	12	0.312925977816334	0.774874420625538
ENSG00000177728.17	6.31432200636482	6	0.388916001773591	0.856708010725622
ENSG00000138468.16	6.23606766469084	9	0.71607887618548	0.999999999795678
ENSG00000100014.20	16.1144533063234	6	0.0131526575800289	0.110408663708527
ENSG00000180596.7	1.32885072069621	3	0.722293854084443	0.999999999795678
ENSG00000177674.16	1.41338392354373	3	0.702400485884078	0.999999999795678
ENSG00000049192.15	2.78154784225126	6	0.835722924220766	0.999999999795678
ENSG00000120733.14	3.54104338054276	3	0.315477816648205	0.777379531783282
ENSG00000172785.18	8.24750747181679	9	0.509408848151297	0.945245486830525
ENSG00000136908.18	8.13013515833882	3	0.0433973903116357	0.249342766305054
ENSG00000163608.15	108.079464415197	15	3.76539017264231e-16	1.52630090648056e-13
ENSG00000141076.18	2.23456383365556	3	0.525172498961233	0.953075047686057
ENSG00000147130.14	4.48873199366608	3	0.213297572624378	0.634570062849847
ENSG00000179134.15	11.7027334931845	9	0.230591218128723	0.662204394392334
ENSG00000181264.9	1.63912163878081	3	0.65055213903495	0.999999999795678
ENSG00000162729.14	14.543628950938	3	0.00225125556473161	0.0341777694068898
ENSG00000179455.9	11.6124308584258	6	0.0711949755494787	0.336536060820715
ENSG00000188612.12	1.04299579517101	6	0.983929754544988	0.999999999795678
ENSG00000187098.16	3.52987138777371	3	0.316908517707431	0.77888924705432
ENSG00000205643.11	9.43746576474769	3	0.0240060102021476	0.166567868124785
ENSG00000179115.11	3.75336687461822	3	0.289357139778653	0.747552049772319
ENSG00000146463.12	19.3822915807059	6	0.00356443274892422	0.0473718955664404
ENSG00000178694.10	12.8048368231184	6	0.046241989772251	0.257706484072336
ENSG00000178700.9	3.41799758180832	3	0.331554325516439	0.792794475177161
ENSG00000178921.14	13.6612469195243	6	0.0336578259632671	0.208771228067487
ENSG00000135317.13	20.3387842455231	9	0.0159329550800292	0.124439756101924
ENSG00000112339.15	4.5393405451905	12	0.971626362980273	0.999999999795678
ENSG00000158062.20	5.37139428684532	9	0.800806102610282	0.999999999795678
ENSG00000165118.15	13.1877779722163	3	0.00424763071332457	0.0531412688162381
ENSG00000072134.15	10.0238431066191	6	0.123651518972689	0.471111234835524
ENSG00000140471.17	18.2753915526964	9	0.0321096510785085	0.202106320880022
ENSG00000004700.16	1.49432610930307	6	0.959870565797312	0.999999999795678
ENSG00000196502.11	19.8634051523786	9	0.0187743480537237	0.141321856705235
ENSG00000196352.16	7.29979605646804	9	0.605937380142782	0.999999999795678
ENSG00000149292.17	5.26202399766862	9	0.810894918289219	0.999999999795678
ENSG00000115368.10	8.46177823959079	6	0.206185507624126	0.623013757103536
ENSG00000254093.9	0.89444220835685	3	0.826768820951045	0.999999999795678
ENSG00000181789.14	5.30603845808946	3	0.150711044263552	0.523709573872533
ENSG00000110497.14	11.8089609082299	12	0.461141763338959	0.912398296563912
ENSG00000137076.21	5.40376375252527	6	0.493163611473803	0.935870015840943
ENSG00000177721.4	14.6344000944681	3	0.00215729652108501	0.0332270520727877
ENSG00000176454.14	45.4631733611968	6	3.78609361035874e-08	4.1478190404295e-06
ENSG00000176697.20	0.388777243317236	3	0.942550971123505	0.999999999795678
ENSG00000177738.4	10.3437159526961	6	0.110903853174939	0.439441611773817
ENSG00000164306.11		12	1	
ENSG00000177946.6	4.95674208326955	3	0.1749922445068	0.571120018605727
ENSG00000161692.18	11.410930258653	9	0.248589539167991	0.69326294944441
ENSG00000180104.16	4.98114092476317	3	0.173183318612883	0.567730353414736
ENSG00000145901.16	4.28103580986499	6	0.638702742278965	0.999999999795678
ENSG00000146063.20	30.5484796772034	9	0.000353715056143813	0.0081464998868122
ENSG00000140983.14	3.56616301857866	3	0.312281838503772	0.774456790744255
ENSG00000179151.13	2.23173904397845	3	0.525723855581869	0.953075047686057
ENSG00000172780.17	0.319256866987416	3	0.956367018636465	0.999999999795678
ENSG00000090905.19	0.879211681336528	3	0.830441388237116	0.999999999795678
ENSG00000171865.10	29.2393467450092	3	1.99451414105995e-06	0.000120668105534127
ENSG00000092871.17	2.47009370357659	3	0.480720073534349	0.926580512635038
ENSG00000066735.14	5.97902190938476	3	0.112635327368329	0.444347736727513
ENSG00000021574.13		12	1	
ENSG00000180329.14	5.29904527683539	3	0.151164353634547	0.5248348672014
ENSG00000182010.11	7.69631748195479	3	0.0527230849517014	0.279694821046915
ENSG00000128581.17	5.54677030224775	9	0.784281509467114	0.999999999795678
ENSG00000053900.11	0.91930153579051	6	0.988487243645882	0.999999999795678
ENSG00000137154.13	2.47372290724888	3	0.480058665419409	0.926580512635038
ENSG00000168884.15	1.19843130106165	3	0.753380575014656	0.999999999795678
ENSG00000176871.9	12.6770379117588	6	0.0484611142844979	0.26509733704752
ENSG00000136878.14	17.3588786340733	9	0.0433837462622271	0.249342766305054
ENSG00000258947.7	0.800778380395059	3	0.849280846008131	0.999999999795678
ENSG00000080802.18	7.92143731797114	6	0.243915714520872	0.685822455742594
ENSG00000070831.17	0.970299658511067	3	0.808438033816056	0.999999999795678
ENSG00000127507.18	2.19526903419819	6	0.900892197495461	0.999999999795678
ENSG00000010292.13	4.71694080595626	3	0.193736885759866	0.603435931585965
ENSG00000182196.13	22.0400696126453	12	0.0370731757724552	0.223625175585784
ENSG00000083642.19	2.13761205081028	6	0.906617178301901	0.999999999795678
ENSG00000215041.10	3.41931065476638	9	0.945331320377768	0.999999999795678
ENSG00000166133.18	5.00106447666258	6	0.543676595705737	0.962778473918945
ENSG00000115459.18	23.0481116548399	18	0.188748066609377	0.595632766057697
ENSG00000157514.16	29.8310293166105	9	0.000468725283305324	0.0102149351391297
ENSG00000181744.9	8.03790604255892	3	0.0452347636872474	0.254266410571828
ENSG00000117528.14	4.04459191589194	3	0.256689093331118	0.706925341748577
ENSG00000122406.14	0.454316590446979	3	0.928806910674186	0.999999999795678
ENSG00000146701.12	3.09468157938682	6	0.79687294941626	0.999999999795678
ENSG00000143740.14	2.45021622830245	3	0.484355343728954	0.928619784896097
ENSG00000109625.19	4.31582204393635	3	0.229318706281454	0.659952698552981
ENSG00000172878.14	5.18734566331568	6	0.520019135025951	0.950985646027984
ENSG00000068323.17	0.810861333422508	3	0.846867420804555	0.999999999795678
ENSG00000071243.16	13.6091852886202	9	0.136922178365585	0.49644012062845
ENSG00000114779.19	11.660294252084	6	0.069990722315748	0.333202299649363
ENSG00000114544.16	14.1531353760947	6	0.0279715583463623	0.185417353650007
ENSG00000178028.14	8.6375348711008	6	0.195012270412983	0.605501522879377
ENSG00000060237.18	6.9813437573539	12	0.858843969432264	0.999999999795678
ENSG00000253276.4	0.625210747567508	3	0.890637466625465	0.999999999795678
ENSG00000221914.11	5.78840798998863	12	0.926370163435542	0.999999999795678
ENSG00000107957.16	10.9805683299683	3	0.0118314153508225	0.103619002190797
ENSG00000141499.17	7.97222545491604	6	0.24014521242698	0.678583909775366
ENSG00000111877.17	8.77029217675408	9	0.458742901870373	0.911973689422049
ENSG00000129680.16	4.09798851279993	3	0.251075692914353	0.697664285055447
ENSG00000198034.11	0.899759348947555	3	0.82548588329881	0.999999999795678
ENSG00000227500.10	0.799148208872794	3	0.849670759747793	0.999999999795678
ENSG00000123545.6	1.30682801642979	6	0.971279863245356	0.999999999795678
ENSG00000116871.15	6.03528756689047	12	0.914292781356131	0.999999999795678
ENSG00000107929.15	0.570724364397393	3	0.903100414286735	0.999999999795678
ENSG00000178999.13	22.9155114981259	6	0.000825275440306569	0.0160656202277158
ENSG00000065485.20	3.30472904637281	3	0.34698499169624	0.809964678284312
ENSG00000105552.15	5.52884246925532	3	0.136923659766278	0.49644012062845
ENSG00000197362.15	1.91516187949583	3	0.590200494522974	0.992893838783514
ENSG00000113240.13	40.9265895572571	15	0.000328137630883295	0.00773317376038044
ENSG00000139517.9	0.00565405097449911	3	0.99988711874006	0.999999999795678
ENSG00000124067.17	4.88970218110626	6	0.558035637683481	0.970741774557615
ENSG00000138764.15	3.08173464713764	6	0.798520594135008	0.999999999795678
ENSG00000125846.15	7.33721018024107	6	0.290784528348768	0.748502619375075
ENSG00000137872.17	10.2217214665961	9	0.332835727234937	0.794382165401424
ENSG00000120885.22	3.55421730130911	9	0.938234224946174	0.999999999795678
ENSG00000176973.8	5.34110735560898	6	0.500865097681607	0.940151272726277
ENSG00000109814.12	8.27852933269242	6	0.218399469061386	0.641276528678253
ENSG00000179029.15	85.9670743686729	12	2.96553130313822e-13	9.61662490981661e-11
ENSG00000160062.15	1.43876190635319	3	0.696474404298019	0.999999999795678
ENSG00000197302.10	1.92926795595258	3	0.587216394850524	0.991396525909837
ENSG00000220205.9	11.217657533216	3	0.0106053020248502	0.0969303083601588
ENSG00000144061.14	0.741084106572089	3	0.863500601475074	0.999999999795678
ENSG00000125779.22	6.34220692529198	6	0.385967147919788	0.852366022387829
ENSG00000115694.15	15.1448855936396	15	0.441032063672501	0.899031164242637
ENSG00000197062.11	18.1521106166492	12	0.111149373811467	0.440199303121427
ENSG00000176055.10	1.63058508250424	3	0.652474912332007	0.999999999795678
ENSG00000177885.15	9.06881876839907	3	0.0283897591390004	0.187270770821706
ENSG00000166147.14	0.123217076440142	3	0.988912643114317	0.999999999795678
ENSG00000176974.20	1.63966776063171	6	0.949683328365968	0.999999999795678
ENSG00000163629.13	10.5854501111235	9	0.305197154051925	0.768088995129103
ENSG00000146574.15	20.1401453785184	6	0.00261470972682113	0.0380564663471075
ENSG00000140025.16	6.89899939472525	6	0.330288830600286	0.792478416921895
ENSG00000162927.14	0.263869393483105	3	0.966673983471954	0.999999999795678
ENSG00000011132.12	9.9142315238023	6	0.128310694500173	0.478920257970948
ENSG00000105053.11	46.2031385874652	18	0.000277085155468802	0.00666566574298391
ENSG00000179262.10	0.0139560963725671	3	0.999563336235104	0.999999999795678
ENSG00000043514.17	44.7978231394773	12	1.11600432458935e-05	0.000505443969801445
ENSG00000067221.14	8.75690698830704	9	0.460009802385053	0.912106879388296
ENSG00000174996.12	1.37074318356099	3	0.712406790798877	0.999999999795678
ENSG00000146826.17	21.3444653973038	9	0.0112057087037197	0.100162270042324
ENSG00000225151.10	27.9587635724929	12	0.00560940103150113	0.0629853381750411
ENSG00000147548.17	15.096774992292	6	0.0195172313497586	0.144895782557228
ENSG00000112305.15	1.14902294058629	3	0.765254838448515	0.999999999795678
ENSG00000180346.3	9.07148560460837	3	0.0283553910647135	0.187196380587648
ENSG00000176476.9	4.16549974978079	3	0.244138792938332	0.686042701681477
ENSG00000069345.12	1.72467093908199	3	0.631462882147796	0.999999999795678
ENSG00000172831.14	5.21834540607597	6	0.516129262522172	0.949851272052926
ENSG00000177337.8	20.7732712037323	12	0.0538007584287736	0.283594593193106
ENSG00000138303.18	13.8088292772081	15	0.540074654988775	0.960881799258422
ENSG00000125107.18	10.9975052130758	12	0.529132502732527	0.954552444230318
ENSG00000152443.13	8.99882215279649	6	0.173644323043559	0.568781627036015
ENSG00000104529.17	4.12939956237096	3	0.24782606806606	0.691847773351085
ENSG00000105997.22	2.08545731217373	3	0.554860446349966	0.967819968976312
ENSG00000188321.13	19.8119727699786	15	0.179264914126109	0.576935553322894
ENSG00000172006.12	3.37062168791908	3	0.337933750413839	0.799571290699625
ENSG00000179094.16	60.225252682556	6	4.05083279120038e-11	9.65885336419455e-09
ENSG00000135392.17	13.2812565559798	3	0.00406621676987536	0.0518314769707226
ENSG00000066923.17	3.05163599852108	3	0.383732236515222	0.850271603257531
ENSG00000170525.21	2.63961753799413	3	0.450586374092188	0.905080211785275
ENSG00000015475.19	5.69341168843675	6	0.458395127342257	0.911729464515133
ENSG00000100280.16	0.968593973295356	3	0.808850661361017	0.999999999795678
ENSG00000181029.9	7.22898797120433	6	0.300188834370871	0.762415689299703
ENSG00000178295.15	22.7429583487465	12	0.0299891174001311	0.193722529691524
ENSG00000154240.17	16.687521937136	6	0.0105029240807373	0.0963203682381643
ENSG00000177943.14	3.15989468849966	9	0.957616595721263	0.999999999795678
ENSG00000176715.17	10.5945957671502	6	0.101743574572681	0.415115832441229
ENSG00000149743.14	9.65155055302603	6	0.140113852761086	0.504397426436111
ENSG00000132854.19	2.40269258662738	3	0.493133595372169	0.935870015840943
ENSG00000112210.12	0.22476901255277	3	0.973495027377939	0.999999999795678
ENSG00000148824.19	28.1340391020131	9	0.000905893009502667	0.0171992380047731
ENSG00000140332.17	6.95242856531149	6	0.325269012016671	0.787519747667895
ENSG00000062582.14	0.901836200500838	3	0.824984669089653	0.999999999795678
ENSG00000163867.17	3.40640084267488	3	0.333106046731862	0.794382165401424
ENSG00000139624.14		9	1	
ENSG00000101871.16	5.84714315916153	3	0.119288550918121	0.461609681285541
ENSG00000247077.7	6.68632074928246	6	0.350832374855086	0.814956465028706
ENSG00000126391.14	6.1360396469463	3	0.105175957093798	0.423890696917087
ENSG00000177045.10	3.55349921192828	9	0.938273276571462	0.999999999795678
ENSG00000099968.18	0.587166769408213	3	0.8993638609145	0.999999999795678
ENSG00000128789.21	3.49444527048036	6	0.744708580925041	0.999999999795678
ENSG00000126773.13	13.7226676484024	12	0.318767738232908	0.77987443874025
ENSG00000172058.15	1.17236251615896	3	0.759640264361085	0.999999999795678
ENSG00000178307.10	2.10290227354562	3	0.551325836818813	0.966210808531499
ENSG00000214078.12	6.33212331056711	3	0.0965235335330328	0.402115255062845
ENSG00000177051.6	1.47809583991875	3	0.687334947663358	0.999999999795678
ENSG00000177981.11		6	1	
ENSG00000176014.13	6.38386518445623	3	0.0943568305691744	0.396710373843382
ENSG00000176771.17	2.0193749286509	3	0.568395120021605	0.976887690908449
ENSG00000179314.14	1.78348538007594	6	0.938495844228894	0.999999999795678
ENSG00000138029.14	23.011718679918	3	4.01565286825723e-05	0.00140322835357592
ENSG00000179111.9	13.1584670509837	3	0.00430614743207647	0.0536250955942303
ENSG00000125703.15	4.24137787975451	6	0.644047928926708	0.999999999795678
ENSG00000108469.15	9.57788763208009	9	0.385724712518368	0.852294969851842
ENSG00000134504.14	1.75241192875183	6	0.941003681867193	0.999999999795678
ENSG00000109881.17	1.17120003424498	3	0.759919692712091	0.999999999795678
ENSG00000163110.15	37.9563908390992	12	0.000156101859605886	0.00414941995684258
ENSG00000089351.14	1.16502817696892	6	0.978576831711064	0.999999999795678
ENSG00000132024.17	4.23938354364509	3	0.236748306328153	0.673784676525432
ENSG00000214013.9	3.53277021292524	12	0.990471036863331	0.999999999795678
ENSG00000137070.18	2.26805936712412	3	0.518667485015605	0.950985646027984
ENSG00000177889.10	1.56907894319738	6	0.954774547138613	0.999999999795678
ENSG00000095321.17	0.727223498037347	3	0.866782788363271	0.999999999795678
ENSG00000175662.18	6.28986291552792	6	0.391515010240953	0.859873395506143
ENSG00000258366.9	56.7470358869887	12	8.78023897893508e-08	8.27690667467753e-06
ENSG00000181896.12	4.1392552962534	6	0.657837742591725	0.999999999795678
ENSG00000181938.14	15.3098453875973	9	0.0827691476826083	0.367083608103398
ENSG00000116406.19		6	1	
ENSG00000137106.18	2.38767925053253	3	0.495932247147892	0.936545868418111
ENSG00000149091.15	37.8781688624295	12	0.000160763463329455	0.00421782976443978
ENSG00000142794.18		9	1	
ENSG00000177576.12	11.9963159976023	6	0.0620510404573622	0.311143969566207
ENSG00000177406.5	0.949524798358198	3	0.813462817963926	0.999999999795678
ENSG00000174483.20	21.2983996819039	9	0.0113893920173759	0.101219954764491
ENSG00000163950.13	2.33167659325409	3	0.506479688727729	0.943584911996937
ENSG00000122952.17	41.3681743597408	12	4.25209274656005e-05	0.00145450278043723
ENSG00000103855.18	0.995776034244045	6	0.985771937684014	0.999999999795678
ENSG00000176463.14	8.5034232645412	12	0.744656897310185	0.999999999795678
ENSG00000112357.13	13.0669829638337	6	0.0419844984088331	0.245045592944859
ENSG00000151332.19	0.309989682325977	3	0.958138871782174	0.999999999795678
ENSG00000105976.15	0.0704224897126551	3	0.995133361135268	0.999999999795678
ENSG00000143924.19	1.55065664488393	3	0.670629104483974	0.999999999795678
ENSG00000086102.19	0.376267155686946	3	0.945100308227025	0.999999999795678
ENSG00000097007.19	9.81343923435816	6	0.132731554720515	0.487343620525006
ENSG00000168484.12	0.31126582790057	3	0.957895943355641	0.999999999795678
ENSG00000177106.16	5.23780702838121	9	0.813104794446614	0.999999999795678
ENSG00000005102.14	0.390857773271819	3	0.942124522513474	0.999999999795678
ENSG00000181035.14	3.71163152882946	6	0.715632801035902	0.999999999795678
ENSG00000070756.16	9.56452767096926	3	0.0226547106144071	0.159567105952214
ENSG00000169239.13	2.70911603891182	6	0.844369368549776	0.999999999795678
ENSG00000175938.7	3.39251403684739	3	0.33497257560711	0.796370284588516
ENSG00000177058.12	20.538835922036	12	0.0575552227190436	0.296602719055067
ENSG00000105778.19	10.7537485251632	3	0.0131347726423046	0.110408663708527
ENSG00000146776.14	4.85221120637834	6	0.562903278659642	0.973279327417962
ENSG00000178026.13	2.75368515376033	3	0.431181021566477	0.890895266702074
ENSG00000114861.22	32.7569921169588	15	0.00507084524555631	0.0591501329578777
ENSG00000111906.18	15.3763961486111	12	0.221494892060198	0.646851257180123
ENSG00000143061.18	0.241283329601629	3	0.97066467857708	0.999999999795678
ENSG00000179021.10		3	1	
ENSG00000143633.13	2.52928806234559	3	0.470021319769023	0.92062402497402
ENSG00000180530.11	7.37487715492671	3	0.0608620682948556	0.307037204521714
ENSG00000133789.15	0.822500517150729	3	0.844077981095057	0.999999999795678
ENSG00000143624.14	3.32103334863859	3	0.344725906704546	0.807155444436577
ENSG00000175826.12	2.49271362561558	3	0.476609333686554	0.92478159946216
ENSG00000137343.18	24.9595726591524	9	0.00301622775250445	0.0423561969782822
ENSG00000177156.11	0.740898538933834	3	0.863544597622187	0.999999999795678
ENSG00000178537.10	5.14163355411074	3	0.16171500416073	0.547400224939891
ENSG00000172890.13	5.60017372720904	12	0.934882110687004	0.999999999795678
ENSG00000179933.6	0.496178323068307	3	0.919730211670001	0.999999999795678
ENSG00000175727.14	2.47727844749079	3	0.479411375194497	0.926580512635038
ENSG00000204859.13	17.0104705297927	12	0.14920386796276	0.521602310294997
ENSG00000121749.15	1.56713316414061	3	0.66686489855434	0.999999999795678
ENSG00000188878.19	8.62648587947479	12	0.734458845149528	0.999999999795678
ENSG00000176142.13	25.8876465566427	9	0.0021312622096904	0.0329768485620167
ENSG00000068724.17	6.82484027093506	3	0.077695291218191	0.353664079677639
ENSG00000166938.13	9.529517926685	6	0.145914821940608	0.514765649030684
ENSG00000107186.16	9.62871903389532	12	0.648496412817884	0.999999999795678
ENSG00000181104.7	5.58883553169108	3	0.133420769837619	0.488105677379773
ENSG00000116212.15	0.988941994291963	3	0.803927643137198	0.999999999795678
ENSG00000153714.6	0.932169990769353	3	0.817658320356168	0.999999999795678
ENSG00000114745.13	39.5331079158805	12	8.59301160555368e-05	0.00251492942549544
ENSG00000179965.12	3.92648612533958	6	0.686624306785621	0.999999999795678
ENSG00000090530.10	0.625108267224277	3	0.890661114624274	0.999999999795678
ENSG00000175832.13		6	1	
ENSG00000164543.7	39.8341223025163	6	4.91013089796832e-07	3.58616497205668e-05
ENSG00000128886.12	4.06906700651439	3	0.254102074232837	0.703467507946014
ENSG00000177663.14	0.919053314280973	3	0.820827540817665	0.999999999795678
ENSG00000175931.13	3.33277917567193	3	0.343106389275846	0.806250607903081
ENSG00000142784.16	5.83000698998512	3	0.120180104824488	0.463109657390443
ENSG00000134954.14	4.83600546441357	9	0.848363280715679	0.999999999795678
ENSG00000175782.11	4.0477089704018	6	0.670220013510109	0.999999999795678
ENSG00000125633.11	5.62929693358774	6	0.465969177305848	0.917083470314264
ENSG00000176783.15	1.45790189297986	3	0.692020067550566	0.999999999795678
ENSG00000180398.13	42.2851693434641	9	2.91462612332702e-06	0.000167529897798601
ENSG00000141447.18	7.33387990259871	6	0.291070505852915	0.748638512357102
ENSG00000168591.16	18.7156767785418	12	0.0956249317169484	0.3993978987271
ENSG00000137203.14	9.72210233609076	9	0.37344754222704	0.839941814353897
ENSG00000124787.14	4.21122450735129	6	0.648116157292084	0.999999999795678
ENSG00000178425.14	0.913357553676178	3	0.822203185881964	0.999999999795678
ENSG00000133619.17	6.07867352504218	9	0.732019214371515	0.999999999795678
ENSG00000179588.9	0.805200573228376	3	0.848222724723082	0.999999999795678
ENSG00000152767.17	11.5598998954374	9	0.239271802791198	0.677931083961579
ENSG00000049618.24	10.6498353981788	12	0.55914196457806	0.971280031462252
ENSG00000176809.10	26.4974978151197	6	0.000179803762937244	0.00461287691813998
ENSG00000104880.18	6.16622704323163	6	0.404829355001112	0.869314036265377
ENSG00000122257.20	37.2066232653306	9	2.41749651949536e-05	0.00093326877540709
ENSG00000107164.16	3.21312852832489	3	0.359917689341347	0.8261314457729
ENSG00000126746.17	34.2566744156138	15	0.00313371548690302	0.0436512567909326
ENSG00000213020.10		3	1	
ENSG00000177707.11	13.9176427276279	9	0.125285142901677	0.473272339742966
ENSG00000055917.15	18.2149679807444	9	0.0327598718036282	0.205242875357043
ENSG00000127334.11	2.42162638968011	3	0.489621573988192	0.932431783021441
ENSG00000165406.16	2.06373442292897	3	0.559284304775434	0.971319164270446
ENSG00000196387.9	25.9757815830471	12	0.0108188944447977	0.0979986338144973
ENSG00000164403.14	19.7978657468348	12	0.0710075842529367	0.336052822847961
ENSG00000177225.17	38.5473852644791	12	0.000124910483428036	0.00345614091860441
ENSG00000101574.15	15.9689754283654	9	0.0675322952854898	0.326466498437368
ENSG00000173821.19	12.5398479818505	12	0.403353428914177	0.869314036265377
ENSG00000181751.10	2.92769710791072	6	0.817865397202093	0.999999999795678
ENSG00000137955.16	3.11627305820002	3	0.374043256066055	0.840473452025297
ENSG00000032742.17	6.59480459478618	9	0.679223482568243	0.999999999795678
ENSG00000120694.20	7.61520833879331	6	0.267670686246591	0.720214488350852
ENSG00000165630.14	0.722455034330778	3	0.867910017432174	0.999999999795678
ENSG00000139436.21		9	1	
ENSG00000115295.20	2.25651689330584	3	0.520902257156717	0.950985646027984
ENSG00000176845.13	0.343801043411077	3	0.951590734619894	0.999999999795678
ENSG00000260238.6	2.01703086444741	3	0.568879420373497	0.977305670898059
ENSG00000099256.19	1.13565071264748	3	0.768475569112431	0.999999999795678
ENSG00000180035.13	0.680343493532973	3	0.877817327805816	0.999999999795678
ENSG00000112773.16	2.39630628509804	6	0.879887361205096	0.999999999795678
ENSG00000164053.21	60.10396338583	6	4.28735062283244e-11	9.93072899980075e-09
ENSG00000180776.16	2.71523513403736	6	0.843644496698724	0.999999999795678
ENSG00000177542.11	4.40390938765449	3	0.221023169792919	0.646228687697871
ENSG00000176678.6	10.5655384592751	3	0.0143228393957161	0.115652648387521
ENSG00000119408.17	28.0981221185502	9	0.000918512336910425	0.0173575280077688
ENSG00000085365.18	2.62363330175685	6	0.854382639236688	0.999999999795678
ENSG00000026652.15	9.00751981833469	6	0.17315560311397	0.567730353414736
ENSG00000040633.13	2.68290221728967	6	0.847462649989547	0.999999999795678
ENSG00000132376.20	1.10100874858563	3	0.776830573281034	0.999999999795678
ENSG00000106462.11	13.0773612759585	9	0.159136879472571	0.543007854942931
ENSG00000125454.12	9.95871334556978	6	0.126401492226779	0.475165736132731
ENSG00000138434.17	25.4447011982993	12	0.0128505940206665	0.10931769750844
ENSG00000083123.15	7.07110327443843	3	0.0696656705540831	0.332614600224942
ENSG00000197961.11	0.325547422415639	3	0.9551542257797	0.999999999795678
ENSG00000180900.20	12.6624923157615	9	0.178482158232918	0.575679026564556
ENSG00000107863.18	35.6331489617805	9	4.60501517206188e-05	0.00153633160493439
ENSG00000130723.20	9.73482577044342	12	0.639211558241479	0.999999999795678
ENSG00000177084.18	3.72294982783387	6	0.714109048369149	0.999999999795678
ENSG00000175115.13	2.68022775797908	3	0.443597843931761	0.900843779856112
ENSG00000110172.12	8.40020992912469	6	0.210224104688065	0.629895230435583
ENSG00000099904.16	5.16516258405864	9	0.819679423717602	0.999999999795678
ENSG00000186187.12	35.5687174160885	9	4.72756188042299e-05	0.0015643405781465
ENSG00000181019.13	6.9361059028306	6	0.326796561947124	0.789198608193428
ENSG00000110047.18	0.176942978050647	3	0.981222747511597	0.999999999795678
ENSG00000129636.13	3.68676602462801	6	0.718977986492425	0.999999999795678
ENSG00000145687.16	9.41328507170601	9	0.400031188354213	0.866200011748825
ENSG00000147274.14	1.99822886742186	3	0.572774391049602	0.981501160058998
ENSG00000115419.13	9.57375615023011	9	0.386079999680484	0.852383049403509
ENSG00000174516.15	2.80486822376133	3	0.422699147626597	0.885026340343187
ENSG00000139263.12		3	1	
ENSG00000111196.10	1.37854761918425	3	0.710570902800272	0.999999999795678
ENSG00000129250.12	1.91429604715813	6	0.927409514627671	0.999999999795678
ENSG00000176953.12	8.47406616275839	9	0.487165284316449	0.930376669011414
ENSG00000153071.15	0.229622165759793	3	0.972671275867126	0.999999999795678
ENSG00000178988.11	10.4795345508246	3	0.0149003706658816	0.118661399792045
ENSG00000175711.8		6	1	
ENSG00000101596.16	7.19346163642149	9	0.616985074740162	0.999999999795678
ENSG00000049656.14	5.93494295142591	12	0.919325924068636	0.999999999795678
ENSG00000179010.14	0.741202657925896	3	0.863472493441711	0.999999999795678
ENSG00000160613.14	0.138535472477088	9	0.999999890618566	0.999999999795678
ENSG00000099622.14	12.1878914555564	6	0.0579060653903923	0.29768197344319
ENSG00000170275.15	5.39016448176699	6	0.494829932436097	0.936545868418111
ENSG00000148516.21	6.90120893802759	3	0.0751141347504313	0.345832395382395
ENSG00000176842.15	1.66330436551993	3	0.64512264941371	0.999999999795678
ENSG00000005436.14		6	1	
ENSG00000105618.14	0.544245226657949	3	0.909068783993502	0.999999999795678
ENSG00000177302.15	10.0009270676601	6	0.124612984081974	0.473103134200878
ENSG00000004961.15	3.55230512468552	3	0.314041414488966	0.776133244276401
ENSG00000256061.7	2.6827105855499	3	0.443173449770559	0.900678655625451
ENSG00000131373.15	0.824835674546193	3	0.84351790760036	0.999999999795678
ENSG00000010244.18	1.14289552539412	3	0.766730306524335	0.999999999795678
ENSG00000104660.19	27.4021177030554	9	0.00119975582793641	0.0211904585993039
ENSG00000114503.11	7.73695393934031	9	0.560856894402325	0.971853640598383
ENSG00000180902.18	5.64779687476221	3	0.130061164284724	0.481566343586113
ENSG00000175866.15	3.72897270746125	6	0.71329794058381	0.999999999795678
ENSG00000181061.14	12.9410246765619	6	0.0439820978297532	0.250571234789747
ENSG00000082212.13	6.55614369418618	9	0.683221910421913	0.999999999795678
ENSG00000071967.12	11.9113868751174	6	0.0639751027291326	0.316832383218336
ENSG00000013441.16	28.4441429031249	9	0.000803743800806341	0.015815415031886
ENSG00000065978.19	4.2768245281186	6	0.639270034460392	0.999999999795678
ENSG00000120438.12	6.91095675510587	6	0.329160482734224	0.792478416921895
ENSG00000164466.13	6.24837002038839	6	0.395950530049587	0.863127439395536
ENSG00000166435.15	5.0602301588433	9	0.829026540804142	0.999999999795678
ENSG00000110011.13	0.970295301471197	3	0.808439087854936	0.999999999795678
ENSG00000177311.11	11.7415606473733	12	0.466652188903033	0.917127101924094
ENSG00000175611.12	6.43914734766167	6	0.375833673103318	0.842611611683794
ENSG00000145725.20	42.9040850111342	12	2.34399007494881e-05	0.000922462501825728
ENSG00000143450.17	13.7390730452498	6	0.032690623634739	0.205104271476156
ENSG00000158828.8	0.795074689776811	3	0.850644736436593	0.999999999795678
ENSG00000166762.19	15.8863826780316	12	0.196495545958424	0.6082083377784
ENSG00000176095.12	2.18320324658271	3	0.535264381116656	0.959404894475511
ENSG00000176946.12		3	1	
ENSG00000164506.14	9.88117050604524	6	0.129746209656958	0.481140252825922
ENSG00000176834.14	6.63667537844776	12	0.880660643456612	0.999999999795678
ENSG00000175756.13	1.17737143405247	6	0.977987650390164	0.999999999795678
ENSG00000176731.12	5.91132688696962	3	0.116004971632815	0.452793598953892
ENSG00000213516.10	19.0685512645493	6	0.00404941345929376	0.0516985746684953
ENSG00000136153.20	8.64947303087683	15	0.895120857404454	0.999999999795678
ENSG00000109332.20	5.28365069333813	6	0.507980947068736	0.94410855980886
ENSG00000244165.2	2.4533622825129	3	0.483778552609786	0.928380898844035
ENSG00000181513.15	15.9704464204387	15	0.384018535379496	0.85037920413045
ENSG00000177169.10	11.850557851365	6	0.0653869277788646	0.320684708713403
ENSG00000137411.19	28.6814367389525	12	0.00439222831211074	0.0542801751925027
ENSG00000123352.18	0.79430132604648	3	0.850829590022295	0.999999999795678
ENSG00000140632.17	1.35833788782475	9	0.998067607359334	0.999999999795678
ENSG00000130669.17	10.6812401204588	6	0.0987419951084394	0.406193622189188
ENSG00000163322.14	4.95156779125136	6	0.550039795893313	0.966210808531499
ENSG00000105662.16	3.25892380816549	3	0.353400724783116	0.817693415091121
ENSG00000176208.9	1.56258294529221	3	0.667903323595439	0.999999999795678
ENSG00000167186.11	4.12836476164921	6	0.659310002726938	0.999999999795678
ENSG00000177697.19	5.55143881309778	3	0.135594173726452	0.493606630624312
ENSG00000177700.6	0.728678199579008	3	0.866438705978053	0.999999999795678
ENSG00000119335.17	9.3710528537631	9	0.403751342727064	0.869314036265377
ENSG00000179981.11	4.63982167928816	3	0.200152475263252	0.613955835811242
ENSG00000067836.13	5.13519357022051	6	0.52659429500893	0.953930079318061
ENSG00000177192.14	18.7028571318442	9	0.0278413795178014	0.185160019483852
ENSG00000162813.18	4.14057163234247	6	0.657659808755628	0.999999999795678
ENSG00000105568.18	0.351865855773212	3	0.949996122349534	0.999999999795678
ENSG00000090097.21	10.521969096355	6	0.104322675270474	0.42202790839208
ENSG00000115641.19	4.62442657610518	9	0.865743012896437	0.999999999795678
ENSG00000141279.16	13.7434053869583	9	0.131750023873262	0.48571961961825
ENSG00000025423.11	8.20126992756877	3	0.0420301466010236	0.245135538485251
ENSG00000111641.12	3.42356661612575	9	0.945114802820847	0.999999999795678
ENSG00000072501.19	9.43909298650397	9	0.397767696301954	0.864762035131263
ENSG00000108039.18	5.18390080676545	3	0.15881579629022	0.542799182346041
ENSG00000033178.13	3.3260364982616	3	0.344035257881349	0.807147825878622
ENSG00000177150.13	17.0129636649181	12	0.149110310609323	0.521500124292399
ENSG00000071889.17	1.65846910377149	3	0.646206184629887	0.999999999795678
ENSG00000122550.18	1.15196888624632	6	0.979190630271655	0.999999999795678
ENSG00000023171.18	27.886114690642	15	0.0222928820720823	0.158394737036258
ENSG00000176101.12	2.48032027328736	3	0.4788581516543	0.926516237580289
ENSG00000136709.12	0.769053269470533	3	0.856853846960119	0.999999999795678
ENSG00000109083.14	4.38082167200628	6	0.625286128106008	0.999999999795678
ENSG00000180011.7	9.89210712849308	6	0.129269773864715	0.480068738763742
ENSG00000143452.16	12.4721378280451	6	0.0522277299709264	0.2783762043881
ENSG00000039650.12	4.0441629780471	3	0.256734645060275	0.706925341748577
ENSG00000178741.12	6.16417188756168	9	0.723381474241684	0.999999999795678
ENSG00000214184.3	3.32206697066908	3	0.344583123613582	0.807155444436577
ENSG00000178951.9	1.45860286773359	3	0.691857185470547	0.999999999795678
ENSG00000164169.13	5.32363224951996	3	0.149576259742302	0.522228569220862
ENSG00000178338.11	2.71338498245677	6	0.843863777842029	0.999999999795678
ENSG00000111799.21	1.60063783239457	3	0.659245204136764	0.999999999795678
ENSG00000087365.16	1.37596532069438	3	0.711178137310928	0.999999999795678
ENSG00000178105.11	0.581915999842749	3	0.900559522953767	0.999999999795678
ENSG00000037749.12	2.89383718757745	6	0.822048626325129	0.999999999795678
ENSG00000178188.14	7.58044038651678	6	0.270479943433976	0.724407301426906
ENSG00000178691.11	2.7127543519473	3	0.438064175526343	0.896135824121136
ENSG00000172943.20	0.457771558611967	3	0.928065893336331	0.999999999795678
ENSG00000178567.8	4.5212193204743	3	0.210405363762126	0.629895230435583
ENSG00000115053.16	18.8213753459859	6	0.00447618261319347	0.0545690412709165
ENSG00000154957.14	4.3230289138321	3	0.228629390012081	0.658670385510994
ENSG00000173436.15	8.28049348568311	9	0.506145142565933	0.943584911996937
ENSG00000178209.15	4.13441205775598	9	0.902345051914326	0.999999999795678
ENSG00000005238.20	23.6907235448125	12	0.0224025199618484	0.158508284856723
ENSG00000147905.18	2.5854796067415	3	0.460040847842887	0.912106879388296
ENSG00000117335.20	8.88900877482956	9	0.447582198863821	0.902688406938908
ENSG00000113615.13	2.70927360354835	3	0.438653642364309	0.896699134266259
ENSG00000134265.13	4.1372080296369	3	0.247024225450124	0.691275593967605
ENSG00000072778.20	0.436658872524276	3	0.932569735950432	0.999999999795678
ENSG00000137831.15	17.9083886412709	6	0.00646526137117289	0.0696993004469397
ENSG00000154065.17	1.37386671968852	6	0.967428831103627	0.999999999795678
ENSG00000128567.17	2.84705501204007	6	0.827783735546942	0.999999999795678
ENSG00000196998.19	2.24242552729265	3	0.5236402785439	0.952682167449596
ENSG00000189306.11	0.408476633077953	3	0.938485907771661	0.999999999795678
ENSG00000177427.13	62.3340360857928	12	8.44622989358351e-09	1.14902640768562e-06
ENSG00000105204.14	6.67883648634643	6	0.351571662917734	0.815346100867627
ENSG00000138814.17	6.5367594652389	6	0.365816246692882	0.831463567957752
ENSG00000058063.16	12.6850233953901	6	0.048319587171422	0.264680333242377
ENSG00000164953.16	14.3784192763214	12	0.277198557600533	0.733915318898602
ENSG00000176087.15	14.9315837922186	6	0.0207955659569079	0.150660994828107
ENSG00000135365.16	2.69807112379749	9	0.975073809807307	0.999999999795678
ENSG00000181284.3	1.95745637777895	3	0.581283578428877	0.987524302247046
ENSG00000149100.13	1.89273450145265	9	0.993052418838788	0.999999999795678
ENSG00000176890.16	5.0913396703545	3	0.165229691866252	0.554726727384667
ENSG00000127054.21	3.0968174068621	3	0.376937381751746	0.842747928062839
ENSG00000163516.14	3.23301977421215	3	0.35707436732421	0.822186635004523
ENSG00000177463.15	2.96998307059948	3	0.396276387821821	0.863141503511956
ENSG00000176170.14	2.09464542976593	6	0.910791400577468	0.999999999795678
ENSG00000181031.16	8.77747021322284	6	0.186485176582806	0.591097889507022
ENSG00000100644.17	0.290722121135332	3	0.961763849295216	0.999999999795678
ENSG00000180979.10	0.0632723261860519	3	0.995846532860187	0.999999999795678
ENSG00000108389.9	2.65532282774348	6	0.85069564477093	0.999999999795678
ENSG00000179387.10	5.65458261642743	3	0.129679714653627	0.481140252825922
ENSG00000177830.18	1.46726157329249	6	0.96163952169873	0.999999999795678
ENSG00000100330.16	1.26579800361651	3	0.73727025028911	0.999999999795678
ENSG00000176485.11	6.77705149479334	6	0.34195847134931	0.805186560333678
ENSG00000070814.22	1.87917606724659	6	0.930468458641529	0.999999999795678
ENSG00000100523.16	4.79595164548641	3	0.187363004320793	0.592877391111892
ENSG00000131943.18	0.660446376586151	6	0.995305221020938	0.999999999795678
ENSG00000070081.17	6.5909900091574	9	0.679618217665497	0.999999999795678
ENSG00000168883.20	3.1077365072415	6	0.795208398772784	0.999999999795678
ENSG00000163795.14	1.12210808613145	3	0.771739961849514	0.999999999795678
ENSG00000178802.18		9	1	
ENSG00000158402.20	10.9478912045743	9	0.279297658501715	0.736452577794896
ENSG00000103051.20	14.2990282113024	6	0.0264684990315062	0.179115293529566
ENSG00000155111.15	17.2862495342774	9	0.0444175412204877	0.252236693536726
ENSG00000123297.20	4.24822372380004	6	0.643124773616801	0.999999999795678
ENSG00000133226.17	12.9311436880525	6	0.0441425151578775	0.251132189743798
ENSG00000144028.15	4.62538269822835	3	0.201375408715413	0.615824382669126
ENSG00000173818.17	14.8357858761192	15	0.463309346968458	0.914652666092668
ENSG00000150867.14		6	1	
ENSG00000115414.20	10.5448588679428	12	0.568273070602661	0.976887690908449
ENSG00000176248.9	11.6456105263278	3	0.00870120319169501	0.084562323228878
ENSG00000020922.13	63.6337633818839	12	4.87173678225595e-09	7.47134382298174e-07
ENSG00000137868.19	2.39791328572744	3	0.494023182125711	0.935908593147587
ENSG00000176102.13	52.8561578713416	6	1.25420590904383e-09	2.31087438741325e-07
ENSG00000156976.17	97.5842511683877	9	4.84226343703659e-17	2.30918998141504e-14
ENSG00000166012.17	145.467442705354	15	1.91130506304926e-23	1.29124584551169e-20
ENSG00000108515.18	2.18862664011249	9	0.988121310473694	0.999999999795678
ENSG00000143373.18	15.4370667557614	9	0.0796090905676416	0.35816869607089
ENSG00000174720.16	9.24670981839517	6	0.160171287332614	0.544448061385956
ENSG00000213928.9	12.0523420150803	6	0.0608112532765162	0.306971874416387
ENSG00000004399.13	3.78448271961679	6	0.705814524797836	0.999999999795678
ENSG00000130479.11	3.56617584784908	3	0.312280213594344	0.774456790744255
ENSG00000092098.17	4.48345758210235	6	0.611546961961174	0.999999999795678
ENSG00000107554.17	4.44471508673951	3	0.217274904512104	0.640293584470965
ENSG00000181544.15	3.48270055388684	3	0.323012741784441	0.784925188634958
ENSG00000155329.12	9.69485036985134	6	0.138104760627625	0.499159738924724
ENSG00000176383.9	3.85353215822238	3	0.277720544417584	0.734338047486417
ENSG00000114120.14	40.6904769442408	6	3.33195691423569e-07	2.59732449074123e-05
ENSG00000133313.15	1.04461395621183	3	0.790458437014597	0.999999999795678
ENSG00000171853.16	2.22111230517476	3	0.527801886137435	0.954552444230318
ENSG00000151617.17	4.30823334897832	3	0.230046608664231	0.661173824428221
ENSG00000106261.17	3.92439617935634	3	0.269744555867496	0.723849287526711
ENSG00000179859.9	0.420228503739509	3	0.936032777909066	0.999999999795678
ENSG00000176714.9	10.592669297858	3	0.0141452662959914	0.114675673861603
ENSG00000084072.17	0.466157861075772	3	0.926260931284857	0.999999999795678
ENSG00000181666.18	7.16385529420018	6	0.305959552554195	0.768714131968925
ENSG00000091073.19	4.12745481744423	6	0.659433027041183	0.999999999795678
ENSG00000163743.13	12.378135679337	9	0.19282133430759	0.602942529337108
ENSG00000180354.16	2.69453978111869	3	0.441155999014256	0.899057738564246
ENSG00000167637.18	5.59010949422464	6	0.47063334229068	0.921379939815744
ENSG00000080815.19	2.34537450987045	6	0.885355516709804	0.999999999795678
ENSG00000166669.13	0.143453386181136	3	0.986155684920628	0.999999999795678
ENSG00000119725.20	0.750546124816538	3	0.861255394754124	0.999999999795678
ENSG00000125386.16	2.2911142872606	3	0.514225310672118	0.947675515712402
ENSG00000151748.15	11.3293501737762	6	0.0787154286621478	0.356010241674117
ENSG00000161542.17	4.63614339953347	9	0.864803930225689	0.999999999795678
ENSG00000103549.21	4.25781717678547	9	0.893639006793475	0.999999999795678
ENSG00000181481.14	2.1706665743086	3	0.537749227578846	0.960356303554987
ENSG00000112249.14	38.5956409365299	6	8.58983274760459e-07	5.98476320435924e-05
ENSG00000147202.18	4.59196236839568	3	0.204232675680289	0.620815261244884
ENSG00000204580.13	17.2305305343689	12	0.141129367289974	0.505807153235995
ENSG00000110931.19	29.3709816087976	15	0.014403103601139	0.116100634784088
ENSG00000090263.16	23.5985876852792	9	0.00498314667532149	0.0584636325569194
ENSG00000078043.16	17.0245427814871	12	0.148676422583256	0.520881485688184
ENSG00000221988.13	26.992818923507	6	0.000145256801258825	0.00392532295935098
ENSG00000180182.11	22.4830889228069	6	0.000989441606051344	0.0183137057083522
ENSG00000187838.17	4.28832621880247	6	0.637720853870743	0.999999999795678
ENSG00000155975.10	15.1256461796656	12	0.234637040761775	0.669284567833717
ENSG00000117713.20	29.8933662659474	12	0.0028974945807476	0.0412105062563523
ENSG00000117360.13	1.21233377896351	3	0.750047707453211	0.999999999795678
ENSG00000139131.13	6.0296432896248	3	0.110176887610448	0.437202167331329
ENSG00000176046.9	49.5618505950661	6	5.75441015025171e-09	8.63907464594271e-07
ENSG00000130299.17	7.89664816852746	6	0.245773360712534	0.689679693768263
ENSG00000134317.18	4.61356902226135	3	0.20238114787946	0.617077784515337
ENSG00000125611.15	5.68005808957241	3	0.128257123721862	0.478920257970948
ENSG00000110713.17	18.4232337181275	6	0.00525714098636279	0.060539264171084
ENSG00000072163.20		12	1	
ENSG00000175003.15	0.0549763181323897	3	0.996627664535066	0.999999999795678
ENSG00000072832.15	3.63936307680979	3	0.303131899427946	0.766289463256114
ENSG00000158467.16	4.00476313703439	3	0.26095025633666	0.711100412813883
ENSG00000078674.18	4.91959373356076	12	0.960610734310145	0.999999999795678
ENSG00000107521.19	2.91914037532297	9	0.967414566803976	0.999999999795678
ENSG00000112972.15	0.179078438442957	3	0.980893919160859	0.999999999795678
ENSG00000105443.15	10.1994259658131	6	0.116501102184957	0.454371769716462
ENSG00000177951.17	3.04137233094662	3	0.385290258816337	0.851799325940563
ENSG00000100083.19	6.51984270135472	6	0.367538888723501	0.832551614417742
ENSG00000177963.14	5.44526958061761	6	0.488096146132207	0.931276878487598
ENSG00000166004.15	9.37117993344509	9	0.403740118550786	0.869314036265377
ENSG00000168488.18	15.3774300108562	6	0.0175157832117904	0.134379855114063
ENSG00000147789.15	15.0297302164927	9	0.0901225689905428	0.385960732597111
ENSG00000160226.16	7.39630366053643	6	0.285746016363202	0.74248171623605
ENSG00000163738.18	24.1011229690776	9	0.004144268086879	0.0521701574228697
ENSG00000159069.14	36.2548546773905	9	3.5723214421161e-05	0.00128145176686882
ENSG00000100335.15	0.584847776943207	3	0.899892197778866	0.999999999795678
ENSG00000156345.18	8.71161709074443	3	0.0333812859312082	0.207644201107984
ENSG00000029993.15	5.99819368863246	9	0.740099062196868	0.999999999795678
ENSG00000213123.11	3.85399536684417	3	0.277667724821395	0.734338047486417
ENSG00000086200.17	2.17630128574274	3	0.536631350877414	0.960356303554987
ENSG00000213015.9	17.8999626209261	3	0.000461246783644021	0.0101062910135191
ENSG00000082213.18	3.95679650128295	6	0.682523145324367	0.999999999795678
ENSG00000286058.1	0.940197847383388	3	0.815717882037605	0.999999999795678
ENSG00000218891.5	2.45611339072821	3	0.483274610383618	0.927754503049962
ENSG00000162572.21	2.94452553101178	3	0.400257567982677	0.866458772666372
ENSG00000103275.20	8.88946409894561	6	0.179890630957855	0.578022769582683
ENSG00000179364.14	11.5690902792812	12	0.480876669981564	0.926662030791666
ENSG00000166037.11	1.0537541211379	3	0.788248083031614	0.999999999795678
ENSG00000099783.12	0.864785947313067	6	0.990223029829965	0.999999999795678
ENSG00000119326.15	11.1933943425684	3	0.0107247908318233	0.0973638065773701
ENSG00000113456.19	17.4172806974311	9	0.0425685524015212	0.247208634899092
ENSG00000100614.18	32.9636710844134	12	0.000980733877116214	0.0181940721779889
ENSG00000175544.13	2.56931262458602	6	0.860631256466774	0.999999999795678
ENSG00000119596.18	0.913777457821197	9	0.999611842731053	0.999999999795678
ENSG00000142687.18	13.1649115079672	6	0.040490618034281	0.238117740677882
ENSG00000103995.14		9	1	
ENSG00000180228.13	1.32838175769575	3	0.722404833663206	0.999999999795678
ENSG00000108423.15	6.77115676252515	6	0.34253004186256	0.806064165277147
ENSG00000128699.14	2.69549096997071	9	0.975155793547263	0.999999999795678
ENSG00000114439.19	1.30514500097615	3	0.727911708880441	0.999999999795678
ENSG00000179889.19	12.0149205490306	6	0.0616367718664739	0.30959684604802
ENSG00000181991.16	12.2709421971667	6	0.0561902784196226	0.292384202277202
ENSG00000178966.17	3.75668092555497	3	0.288965233214282	0.747015671450313
ENSG00000022840.16	8.94100953209272	9	0.442737291465545	0.900556642865592
ENSG00000101639.18	25.4970987719444	12	0.0126351968708172	0.108395281515042
ENSG00000106012.18		18	1	
ENSG00000189403.15	1.07445397658739	3	0.7832442967605	0.999999999795678
ENSG00000180304.14	0.330825458251638	3	0.954130517714215	0.999999999795678
ENSG00000100897.18	10.7041360501589	9	0.29653526793229	0.756930546954368
ENSG00000136002.20	16.5690850615756	12	0.166538283110707	0.557442552096821
ENSG00000163798.13	2.06707493322392	3	0.558602392480328	0.97091590390451
ENSG00000139835.14	18.3932317706895	9	0.0308759309885001	0.19756209354678
ENSG00000163808.17	5.58570452204367	3	0.133601459812828	0.488325984987647
ENSG00000179832.17	6.66269490728337	12	0.879075815112759	0.999999999795678
ENSG00000144802.11	61.7543369019341	6	1.97957875569744e-11	5.01139864189126e-09
ENSG00000178605.13	8.64190091892306	3	0.0344510911545128	0.211775127635694
ENSG00000178605.13_PAR_Y	3.23624628629477	3	0.356614995614701	0.821795841230353
ENSG00000102312.23	3.76306600633325	9	0.926303511819833	0.999999999795678
ENSG00000204574.13	1.32156771807058	3	0.724018091131516	0.999999999795678
ENSG00000010803.16	22.5704022348946	18	0.207642057079546	0.625549668057925
ENSG00000153207.16	1.67719102780575	6	0.94686854199209	0.999999999795678
ENSG00000157800.18	3.41145342476011	6	0.755710724464354	0.999999999795678
ENSG00000180385.8	6.83709750206117	3	0.0772753214638889	0.352147853348931
ENSG00000146872.18	0.969345695482843	3	0.808668811308157	0.999999999795678
ENSG00000176401.6	2.61425233656746	3	0.454996405054003	0.908855145200596
ENSG00000083535.16		6	1	
ENSG00000112237.13	1.21460392502195	3	0.749503860451824	0.999999999795678
ENSG00000181523.13	7.40132617989548	9	0.595411186317734	0.996490191469419
ENSG00000077782.21	4.73463378407996	6	0.578270552810559	0.985185479592045
ENSG00000139842.15	0.778858546618721	3	0.854516817192761	0.999999999795678
ENSG00000121864.10	32.7803969636443	6	1.1556864562123e-05	0.000520508338917395
ENSG00000272655.2	12.7345974891014	3	0.00524716428698972	0.0605103284134078
ENSG00000182552.15	9.54088060848608	9	0.388914158325394	0.856708010725622
ENSG00000180773.15	6.60768758955601	9	0.677890004998447	0.999999999795678
ENSG00000135916.16	1.25022956545581	3	0.740984082252917	0.999999999795678
ENSG00000163703.19	12.3865207497493	9	0.192385574476703	0.602654502427602
ENSG00000177917.11	12.3183035623406	3	0.00636864958888178	0.0690551152831135
ENSG00000068885.15	12.206672457196	12	0.429227582370605	0.889278816835803
ENSG00000084112.15	5.57451599308479	6	0.472496578762962	0.921379939815744
ENSG00000119537.18	5.29753581660043	9	0.807638372782592	0.999999999795678
ENSG00000180376.17	23.4421166060256	18	0.174167349588464	0.569804157834414
ENSG00000104886.12	9.13190358915745	3	0.0275876014297312	0.184031950270995
ENSG00000138709.19	13.6632824133339	9	0.134817154266713	0.491386311107238
ENSG00000110536.14	6.07947913958924	9	0.731938076240318	0.999999999795678
ENSG00000177410.13	1.81647728267126	6	0.93577967016398	0.999999999795678
ENSG00000159363.19	5.19358394327355	6	0.519235232209596	0.950985646027984
ENSG00000179046.8	4.33096507128357	6	0.631983158473494	0.999999999795678
ENSG00000167615.16	14.1318388951768	9	0.117712143205608	0.457653496585889
ENSG00000178878.13	6.77246619598964	3	0.0795147305329332	0.35816869607089
ENSG00000196652.12	1.12792577172968	6	0.980294973971171	0.999999999795678
ENSG00000117036.12	3.16175799019447	3	0.367351374701014	0.832551614417742
ENSG00000171606.18	34.6219068905648	6	5.10074616806445e-06	0.000255257711015423
ENSG00000132716.19	15.5433099770016	9	0.0770529711579638	0.351514689409701
ENSG00000057019.16	13.8808685424515	9	0.126626518111646	0.475479936234884
ENSG00000178177.16	7.66145616395511	6	0.263969622909862	0.715241220899149
ENSG00000157216.15	10.4391297914972	9	0.316117838261076	0.778010720941877
ENSG00000165996.14	1.97386637957243	6	0.922086337103692	0.999999999795678
ENSG00000176155.19	3.09720061572989	3	0.376880193095913	0.842747928062839
ENSG00000151445.16	5.66519664762018	6	0.461719465151736	0.912520649435671
ENSG00000177731.16	7.16616816495662	9	0.619823634245159	0.999999999795678
ENSG00000180089.6	1.68545119307021	3	0.640173157972297	0.999999999795678
ENSG00000188976.11	3.25886793251266	6	0.77572474199098	0.999999999795678
ENSG00000142453.12	0.950050685529277	3	0.813335651635646	0.999999999795678
ENSG00000185495.10	10.0236016666481	6	0.123661614373997	0.471111234835524
ENSG00000047617.15	7.90958659656099	9	0.543282839073495	0.962778473918945
ENSG00000175745.14	2.44990400690222	3	0.484412615064215	0.928619784896097
ENSG00000180370.10	8.36268661029499	3	0.0390816238714808	0.231470371117128
ENSG00000129197.14	14.5607693498096	9	0.10372918779288	0.420676601018949
ENSG00000101773.19	9.73875915596	12	0.63886707569197	0.999999999795678
ENSG00000156958.15	19.7249191202282	9	0.0196880238530233	0.145630300525967
ENSG00000140688.17	5.29655461727089	3	0.151326113057172	0.525029432454732
ENSG00000155229.21	6.79670540532243	3	0.0786676242287657	0.356010241674117
ENSG00000177628.16	3.43244942966703	3	0.329629460039892	0.792478416921895
ENSG00000112701.18	5.79391595728885	12	0.926111982696839	0.999999999795678
ENSG00000107371.13	6.88535024776502	6	0.331580291781913	0.792794475177161
ENSG00000134690.11	1.38390743489435	3	0.709311215756091	0.999999999795678
ENSG00000086475.15	2.87536833048216	3	0.411242750263447	0.874821562945621
ENSG00000159884.12	4.35837399681623	9	0.886283319807397	0.999999999795678
ENSG00000185024.17		9	1	
ENSG00000166949.16	2.86815078276049	3	0.412403608389891	0.8763711803976
ENSG00000183597.16	16.4201144657927	18	0.563252764256122	0.973279327417962
ENSG00000183530.14	0.702632432279415	3	0.872584600391973	0.999999999795678
ENSG00000151338.18	10.6471362341856	6	0.0999137644571434	0.409919477962582
ENSG00000185591.10	14.8822674472967	6	0.0211924419161535	0.152581817597031
ENSG00000184887.13	9.60135859953334	6	0.142474829488032	0.508998906418536
ENSG00000183864.5	2.08773383658354	3	0.554398274976879	0.967819968976312
ENSG00000171988.19	4.31392981074714	6	0.634274448944039	0.999999999795678
ENSG00000158163.15	4.40602383666919	9	0.882717837462225	0.999999999795678
ENSG00000089234.16	2.61151567874367	3	0.455474275398506	0.909042331525281
ENSG00000185158.12	3.51158077134642	6	0.742428292030891	0.999999999795678
ENSG00000101974.14	15.7147340125684	12	0.204653871207489	0.620931487230206
ENSG00000182606.16	3.90593721407231	6	0.689404055857912	0.999999999795678
ENSG00000198040.10	8.21435765473416	9	0.512696973329032	0.947675515712402
ENSG00000184731.6	1.66391995446156	3	0.644984776762474	0.999999999795678
ENSG00000172728.16	1.34272656608732	3	0.719013092645663	0.999999999795678
ENSG00000185480.11	7.51266046938326	12	0.821961852011289	0.999999999795678
ENSG00000123552.18	12.2537946017419	9	0.199376802234686	0.613880644024536
ENSG00000164068.16	1.96006327318537	6	0.923334663614734	0.999999999795678
ENSG00000068028.17	8.46387416460857	6	0.206049172660735	0.623013757103536
ENSG00000185504.17	7.11864693021107	9	0.624767968092354	0.999999999795678
ENSG00000015153.15		6	1	
ENSG00000233024.7	30.5955753059279	12	0.00226975158844886	0.0343941609860839
ENSG00000185842.15	10.623101965477	9	0.302430203613311	0.765709450559997
ENSG00000182831.12	6.99463414258389	3	0.0720689974137754	0.338278309002659
ENSG00000183077.15	39.933101489456	18	0.00213147510133178	0.0329768485620167
ENSG00000010318.21	6.1870733293249	6	0.402563813572229	0.869130449169125
ENSG00000169660.17	10.9716663445033	15	0.754600298540152	0.999999999795678
ENSG00000183426.17	6.9301824609629	9	0.644388369677713	0.999999999795678
ENSG00000171621.14		9	1	
ENSG00000108021.20	3.18327934608351	6	0.785516752611568	0.999999999795678
ENSG00000184922.14	3.62980508159671	6	0.726627206133823	0.999999999795678
ENSG00000184014.8	5.63533277130046	3	0.130764594627839	0.483024159115858
ENSG00000147471.12	7.58851862999291	6	0.269825156889814	0.723849287526711
ENSG00000183814.15	9.18339032687982	9	0.42052090364778	0.883565591266992
ENSG00000185885.16	1.42595986854576	3	0.699461035019197	0.999999999795678
ENSG00000184083.12	5.39081150104721	3	0.145317126987295	0.513550980159546
ENSG00000182095.14	3.47600634451737	6	0.74715916345267	0.999999999795678
ENSG00000156873.16	3.40700792427378	9	0.945954498268657	0.999999999795678
ENSG00000188153.14		9	1	
ENSG00000114270.17	22.194340709073	12	0.0353985706544884	0.216259391330774
ENSG00000184924.5		3	1	
ENSG00000113558.19	1.80198343656957	6	0.936979669722949	0.999999999795678
ENSG00000239521.9	5.14880262296083	6	0.524874800371483	0.953075047686057
ENSG00000165914.15	10.5450466923558	12	0.568256709724349	0.976887690908449
ENSG00000182685.7	19.8342395199288	9	0.0189633856734029	0.142085182674933
ENSG00000215012.9	21.6682221185911	9	0.0099920942215345	0.0928966833187846
ENSG00000017260.20	13.0109537547833	9	0.162111242567133	0.548054980605399
ENSG00000068745.15	12.9388198902452	12	0.373503175125916	0.839941814353897
ENSG00000182253.15		3	1	
ENSG00000198393.8	15.1996153047126	9	0.0855968061697276	0.374576941823196
ENSG00000187531.14	2.12957525322963	3	0.545952698977681	0.964043407921519
ENSG00000183513.9	1.7801935667012	3	0.619254493269134	0.999999999795678
ENSG00000078304.19	5.61088279918477	3	0.132154982445638	0.486548793227422
ENSG00000182240.16	22.0631013162201	12	0.036818654774541	0.222919219012101
ENSG00000070778.13	8.33141795691205	3	0.0396365686090345	0.2343790384489
ENSG00000146757.14	6.27998512603176	3	0.0987551041488701	0.406193622189188
ENSG00000125247.15	13.0526691871673	12	0.365224114504305	0.83123860086648
ENSG00000134815.19	1.16085144953468	3	0.762408235534419	0.999999999795678
ENSG00000177425.11	20.299974357622	12	0.061620009923116	0.30959684604802
ENSG00000153046.18	1.94576566815158	6	0.924618290625271	0.999999999795678
ENSG00000164916.11	4.99466928183574	3	0.172187902088389	0.566989164187883
ENSG00000182326.15	0.973040477212635	3	0.807774971661083	0.999999999795678
ENSG00000182199.11	2.34471686003963	3	0.504008510499691	0.942559860350865
ENSG00000184232.9	5.81182002368223	3	0.121133277384265	0.465415867182102
ENSG00000197114.12	11.6027133888565	6	0.0714417861937154	0.336536060820715
ENSG00000185090.14	6.76339273454778	6	0.343283917458198	0.806250607903081
ENSG00000170448.12	3.94239801616914	6	0.684471454232379	0.999999999795678
ENSG00000184640.19	6.52976767582732	9	0.685946826557876	0.999999999795678
ENSG00000185163.10	4.68013880636681	6	0.585441816318966	0.991058008957581
ENSG00000183018.9	0.249943563532156	3	0.969150338457481	0.999999999795678
ENSG00000182899.17	0.844094802625477	3	0.838893626411962	0.999999999795678
ENSG00000185359.13	1.6516199776961	6	0.948794838273592	0.999999999795678
ENSG00000165490.13	12.6657118063536	6	0.0486625118642987	0.265702978865439
ENSG00000182809.11	0.869443395669805	3	0.832794846838333	0.999999999795678
ENSG00000158423.17	0.281406020794748	3	0.963486712144613	0.999999999795678
ENSG00000123472.12	7.82389298822818	6	0.251291409510841	0.697916908840146
ENSG00000182287.15	15.9248427473285	12	0.194702706766213	0.605067633518655
ENSG00000182872.16	5.28894005827169	6	0.507323770732888	0.943794545586249
ENSG00000185829.18		9	1	
ENSG00000164284.15	1.29904408522816	3	0.729360080231114	0.999999999795678
ENSG00000101361.17	4.52340259726043	3	0.210212304013107	0.629895230435583
ENSG00000117475.14	0.321739267661542	3	0.955889380532953	0.999999999795678
ENSG00000206418.4		3	1	
ENSG00000183801.8	2.07699454522663	6	0.91248288764212	0.999999999795678
ENSG00000198467.16	0.978908672870602	3	0.806355249405638	0.999999999795678
ENSG00000182362.14	0.227492993737542	3	0.973033508382391	0.999999999795678
ENSG00000177989.13	11.3451780961932	6	0.0782764279372883	0.355311870821722
ENSG00000185261.14	0.212572798396764	3	0.975534544087801	0.999999999795678
ENSG00000184489.12	1.73165935841809	3	0.629918284955245	0.999999999795678
ENSG00000167645.17	5.4128268979548	6	0.492054734720508	0.935307792351503
ENSG00000169045.17	1.13407970333355	3	0.76885412334002	0.999999999795678
ENSG00000185522.9	0.420458805000635	3	0.93598450181079	0.999999999795678
ENSG00000185880.13	0.0931204995431472	3	0.992650013178486	0.999999999795678
ENSG00000079691.18	2.05271784250954	3	0.561537325459725	0.972315911469883
ENSG00000185838.14	3.17989589855188	6	0.785952921042265	0.999999999795678
ENSG00000072736.19	5.29050563506826	6	0.507129337048824	0.943794545586249
ENSG00000100300.18	0.874103775247932	3	0.831672234725231	0.999999999795678
ENSG00000184371.14	4.30941519920998	3	0.229933106902635	0.661173824428221
ENSG00000182463.16	8.89834045071439	6	0.179376571965963	0.576971468270427
ENSG00000173557.15	0.800124307744341	3	0.84943730038533	0.999999999795678
ENSG00000157617.17	10.3080084983289	6	0.112266115665727	0.443106815823781
ENSG00000215193.13	3.92628184885507	3	0.269535174661162	0.7235502188669
ENSG00000196456.13		3	1	
ENSG00000185808.13	0.973206206072064	3	0.807734877502555	0.999999999795678
ENSG00000109736.15	1.17009989445796	3	0.760184157616548	0.999999999795678
ENSG00000184058.14	17.2502939130263	6	0.00840608349313564	0.0830062349316086
ENSG00000177508.12	2.48424056854128	3	0.478145899254707	0.926048928909263
ENSG00000185837.3	1.90863512724764	3	0.591584621914438	0.993676501722309
ENSG00000170190.16	8.90733213492513	9	0.44587192742461	0.901774786239736
ENSG00000133069.17	11.6551092148975	3	0.00866301753901808	0.0845317746470877
ENSG00000184254.17	1.64222052421064	3	0.649854936233959	0.999999999795678
ENSG00000183010.17	3.72208115101967	9	0.928734310675318	0.999999999795678
ENSG00000185347.18	0.371432391380949	6	0.999070626673809	0.999999999795678
ENSG00000182149.21	6.08024420782749	9	0.731861017182371	0.999999999795678
ENSG00000182208.14	1.86517563978305	3	0.600855705948332	0.999738881174653
ENSG00000182272.12	6.22766721482913	6	0.398176062201812	0.864820608873331
ENSG00000185803.12	2.04384498210857	6	0.915622310463412	0.999999999795678
ENSG00000162614.19	0.844270820109159	3	0.838851323315488	0.999999999795678
ENSG00000181555.21	2.71342081312923	6	0.84385953208055	0.999999999795678
ENSG00000184076.13	0.220511528168572	3	0.974212023753827	0.999999999795678
ENSG00000185515.14	31.0273985338063	12	0.00195115164216661	0.0310362954121421
ENSG00000184160.8	3.39128248508587	3	0.33513855065302	0.796531289986523
ENSG00000182054.10	3.05752439124626	6	0.801593064720332	0.999999999795678
ENSG00000145014.17	12.015628453828	12	0.444425314442106	0.901640646692231
ENSG00000204611.7		3	1	
ENSG00000184708.18	28.0616800972866	6	9.14825253472052e-05	0.0026487458321064
ENSG00000182628.13	9.48156522851787	6	0.148251222163568	0.520066057152769
ENSG00000185730.8	1.71985752455339	3	0.632528074998838	0.999999999795678
ENSG00000182400.15	8.13520951435294	9	0.520579970199772	0.950985646027984
ENSG00000181625.17	10.0065535220128	3	0.0185105101875332	0.13998573329322
ENSG00000185621.11	6.52970751511134	3	0.0884982469224087	0.382680496743678
ENSG00000184307.16	6.23760745751133	6	0.397106463954485	0.864077360487555
ENSG00000213145.10	1.52048681286396	3	0.677550120524726	0.999999999795678
ENSG00000185507.21	12.1416048280939	3	0.00691349375646731	0.0724353855714998
ENSG00000185518.11	6.31262728983529	6	0.389095706857252	0.856708010725622
ENSG00000185010.15	0.747938723657626	3	0.861874455218109	0.999999999795678
ENSG00000160193.12	14.6096503363588	3	0.0021825228895719	0.033447472714101
ENSG00000184508.12	15.4523794734487	12	0.217624118916405	0.640391554285044
ENSG00000185344.15		6	1	
ENSG00000160131.13	40.6630908816296	3	7.70857073912394e-09	1.07747212038065e-06
ENSG00000183495.14	2.21433659559534	3	0.529130032305735	0.954552444230318
ENSG00000182158.15	8.73529200114444	3	0.0330254330423068	0.206423961291454
ENSG00000163932.15	11.7183227324676	12	0.468558485298448	0.919732529361171
ENSG00000185761.11	2.26373919554226	3	0.519503083375147	0.950985646027984
ENSG00000183955.13	3.97383486378021	3	0.264303388321569	0.715629629238255
ENSG00000182912.6	0.473089218239466	3	0.924762543848338	0.999999999795678
ENSG00000170004.17	5.80402920929919	6	0.445497219920372	0.901774786239736
ENSG00000177426.22	54.6228073978164	12	2.11459666651269e-07	1.73161971468872e-05
ENSG00000182963.11	29.1025462074472	6	5.817767508766e-05	0.00184109920090895
ENSG00000185164.14	6.51782410117448	3	0.0889622097155508	0.38343086235929
ENSG00000183250.12	1.78771873454036	3	0.617611116753021	0.999999999795678
ENSG00000184661.14	2.72527406719382	6	0.842453006391791	0.999999999795678
ENSG00000135108.15	1.39298721753767	6	0.966283625821707	0.999999999795678
ENSG00000214113.11	0.268777626530209	3	0.965789466169849	0.999999999795678
ENSG00000120798.17	14.1199557179316	12	0.293113825598574	0.751509735650739
ENSG00000183723.13	5.34869727213663	6	0.49992890398142	0.939481600504722
ENSG00000102054.18	33.1930602135253	6	9.62593583462301e-06	0.000449943502327409
ENSG00000135486.18	0.234985907562077	6	0.999752413217986	0.999999999795678
ENSG00000137700.18	2.10706524061243	3	0.550484740007281	0.966210808531499
ENSG00000184584.13	12.6981726508802	6	0.0480873837407472	0.263764830843192
ENSG00000185238.13	0.905532458607922	3	0.824092498254639	0.999999999795678
ENSG00000182858.14	2.30508236309288	3	0.511547960418776	0.946725340178817
ENSG00000170919.16	0.726433332317697	3	0.866969647958502	0.999999999795678
ENSG00000089737.17	16.8390383675142	15	0.328577451215218	0.791848215517768
ENSG00000132466.19	3.93931870777305	9	0.9153607915317	0.999999999795678
ENSG00000119508.18		3	1	
ENSG00000064607.17	31.6594401768307	9	0.000227995805560071	0.00568726767900153
ENSG00000185100.11	12.4606451975824	12	0.40942883868487	0.872849285241228
ENSG00000151276.23	4.88787015088474	9	0.843971261957271	0.999999999795678
ENSG00000183255.12	1.15235763746023	3	0.764452095765556	0.999999999795678
ENSG00000184787.19	38.2677747758717	9	1.56048398466441e-05	0.000665833877035494
ENSG00000185088.14	1.77338507509558	6	0.939316399537643	0.999999999795678
ENSG00000185324.22	26.5177932487859	9	0.00167997394097714	0.0273484914447824
ENSG00000182944.18	0.936196688446216	3	0.816685081036752	0.999999999795678
ENSG00000185716.12	3.72382855006344	6	0.713990721109718	0.999999999795678
ENSG00000185133.14	51.8300782867045	9	4.86736148520815e-08	5.05893584110031e-06
ENSG00000100106.22	0.582030217143256	3	0.90053353814285	0.999999999795678
ENSG00000100311.17	8.38266065552762	3	0.0387311089219622	0.230031575113808
ENSG00000128951.14	2.52183150948258	6	0.866016415183792	0.999999999795678
ENSG00000182372.10	13.8475854982746	6	0.031385838428935	0.198940572434227
ENSG00000182919.15	3.70832634252292	6	0.716077644415415	0.999999999795678
ENSG00000135164.19	1.9544158749577	3	0.581921557843054	0.987667386273506
ENSG00000108010.12	2.31763344403589	3	0.509151226804947	0.945189187558495
ENSG00000185787.15	3.75284729141276	6	0.710081018052906	0.999999999795678
ENSG00000107829.15	17.9741259761013	6	0.00629718190736197	0.0684333159825516
ENSG00000185813.11	4.91718543035131	6	0.554477848712633	0.967819968976312
ENSG00000182979.18	3.38413510403916	9	0.947102377970675	0.999999999795678
ENSG00000185129.8	7.35833074654693	3	0.0613124809890074	0.308648987216341
ENSG00000182600.9	9.31505352816748	9	0.408714920518032	0.87219053978407
ENSG00000186866.16	22.768388968163	12	0.0297578506176987	0.192843241373048
ENSG00000185900.11	2.60275375126435	3	0.457006983228258	0.910308504430341
ENSG00000198556.14		15	1	
ENSG00000182307.14	0.438025271083461	3	0.932280048026332	0.999999999795678
ENSG00000183763.9	2.5321796660246	3	0.469503557738797	0.920054470047963
ENSG00000185721.13	6.67841605097055	3	0.0828856328645743	0.367083608103398
ENSG00000183172.9	5.37237548196572	6	0.497014034251952	0.937044831553622
ENSG00000178852.16	31.330573028029	6	2.19184073358685e-05	0.000884042429213364
ENSG00000182768.9	0.939473629157874	3	0.815892956479544	0.999999999795678
ENSG00000005469.12	2.97684607553128	6	0.811747238368359	0.999999999795678
ENSG00000184162.15	5.02255441626767	6	0.540923615179657	0.961681523741552
ENSG00000105419.18	10.080218816242	6	0.121314227049473	0.465806620673525
ENSG00000184363.10	7.38182490527106	3	0.0606739004057018	0.306715370703428
ENSG00000183527.12	10.837835252285	12	0.542865057956156	0.962599961690848
ENSG00000182985.17	21.3059760932883	12	0.0460754754319375	0.257254737828318
ENSG00000149380.12	2.2082311063964	3	0.53032892019922	0.954784039576318
ENSG00000075651.16	1.2746307487073	6	0.973038148151016	0.999999999795678
ENSG00000184110.15	2.15899998520035	3	0.540069177113177	0.960881799258422
ENSG00000111817.19	7.71730185099659	9	0.562867227066593	0.973279327417962
ENSG00000183735.10	1.71055722662095	3	0.634589238757219	0.999999999795678
ENSG00000196458.11	0.811228906884026	3	0.846779384762373	0.999999999795678
ENSG00000182541.18	17.2214957631713	9	0.0453582687581164	0.254523900908406
ENSG00000111011.18	2.08368891598366	6	0.91184297826934	0.999999999795678
ENSG00000184402.15	17.8434079850358	9	0.0370343652508694	0.223557408107817
ENSG00000184903.10	14.9090725032493	9	0.0934640709439462	0.394231645755761
ENSG00000184916.9	4.93014860223411	6	0.55280287608842	0.966809266581428
ENSG00000183696.14	0.153706276141747	3	0.984692008360769	0.999999999795678
ENSG00000182108.11	5.87684547562276	3	0.11775813418998	0.457653496585889
ENSG00000099901.17	0.519596484664362	3	0.914565532737501	0.999999999795678
ENSG00000183291.17	0.75727678637486	3	0.859656140559634	0.999999999795678
ENSG00000065357.20		18	1	
ENSG00000182325.11	12.890107590687	9	0.167642151931168	0.558830150372524
ENSG00000185920.16	11.1079775550234	9	0.268380206974829	0.721644556532317
ENSG00000185338.6	3.56103534134377	3	0.312931892577774	0.774874420625538
ENSG00000182923.18	7.06210377803654	9	0.630653471361777	0.999999999795678
ENSG00000182473.22	9.00292756882118	9	0.437003991719748	0.895787338304489
ENSG00000156531.17	7.0900724105777	6	0.312597672248458	0.774756749898579
ENSG00000058673.16	7.76019271087716	6	0.256203940776214	0.706646781122773
ENSG00000185917.14	22.6412470501236	15	0.0920595839334684	0.390951831822226
ENSG00000182518.13	3.96127679814163	12	0.98412503744791	0.999999999795678
ENSG00000185432.12	12.0755643175908	9	0.209082803301649	0.628255851136572
ENSG00000173482.17	29.2630891312729	15	0.0148744227595265	0.118571234327907
ENSG00000183020.14	5.65841652605559	6	0.462520371698235	0.913880734427879
ENSG00000147408.14	2.28719274450123	6	0.891482702440467	0.999999999795678
ENSG00000171700.14	15.0576355775447	6	0.0198131456878545	0.146288863471253
ENSG00000162458.13	11.0212662956651	9	0.274254057133025	0.729540119466787
ENSG00000184517.12	17.5838938193697	9	0.0403197599306791	0.237380024515625
ENSG00000185000.12	1.58364049303418	6	0.953746305252819	0.999999999795678
ENSG00000169756.16	4.85211282893579	3	0.182952036732847	0.584163907756279
ENSG00000066379.15	1.41275200458767	3	0.702548331742463	0.999999999795678
ENSG00000184451.5	0.393285423247789	3	0.941626049928311	0.999999999795678
ENSG00000182224.12	9.05633469866734	6	0.170434548159504	0.564114281697679
ENSG00000185186.10	4.86391153454747	3	0.182037775862224	0.582391574157478
ENSG00000185684.15	9.45622155543697	9	0.396269587094672	0.863141503511956
ENSG00000185033.14	3.50514006786943	6	0.743285706532188	0.999999999795678
ENSG00000184381.20		15	1	
ENSG00000184792.16	3.49673787270149	6	0.74440365664092	0.999999999795678
ENSG00000150401.15	13.6771991239038	9	0.134280098960607	0.490141804037904
ENSG00000184840.12	0.634861700818874	3	0.888407232625905	0.999999999795678
ENSG00000115993.13	0.811002798883237	3	0.846833539426971	0.999999999795678
ENSG00000185798.8	7.24095869154462	6	0.299137309123203	0.760459756996489
ENSG00000182718.17	0.528960423078388	3	0.912484392049703	0.999999999795678
ENSG00000131263.13	10.0161859046084	3	0.0184290492206806	0.139685792464489
ENSG00000183751.15	4.41113281541038	6	0.621221533925357	0.999999999795678
ENSG00000184575.12	27.8419609517587	6	0.000100625037054315	0.00288256952437925
ENSG00000185187.13	0.628255550222093	3	0.889934528699687	0.999999999795678
ENSG00000183060.15	22.0677804893276	9	0.0086666260164289	0.0845317746470877
ENSG00000170085.18	0.824268084101277	3	0.843654053624954	0.999999999795678
ENSG00000185909.15		3	1	
ENSG00000183475.13	3.63446993227399	3	0.303736012775795	0.766850908694932
ENSG00000183647.10	6.94424896446526	9	0.642923976793015	0.999999999795678
ENSG00000046647.13	7.86712165478366	6	0.248000889135837	0.692097489922282
ENSG00000169372.13		3	1	
ENSG00000166689.16	8.32280477910717	9	0.501970966851809	0.940267705237434
ENSG00000185215.11	5.10655570897507	12	0.954324822974004	0.999999999795678
ENSG00000176058.13	8.92707588158373	6	0.177721000720991	0.575043122401766
ENSG00000242259.8	11.1350835729463	9	0.266563215665777	0.719144089651399
ENSG00000126756.12	0.327718106156681	3	0.954733877978785	0.999999999795678
ENSG00000182263.14	1.43447914600415	3	0.697472900957738	0.999999999795678
ENSG00000185608.8	0.78855508628476	3	0.852202501870357	0.999999999795678
ENSG00000183963.18		3	1	
ENSG00000182087.14	1.50351901607064	3	0.681458381742492	0.999999999795678
ENSG00000184432.10	8.85230780357961	3	0.0313203696188362	0.198836520360145
ENSG00000184277.13	28.170799714273	6	8.72522124290432e-05	0.00254443772000811
ENSG00000186814.14	10.983527742419	12	0.53033089061455	0.954784039576318
ENSG00000182173.13	3.31567760332837	3	0.345466568151838	0.808048894404774
ENSG00000153487.13	11.4416255687665	6	0.0756495066977758	0.34669885764377
ENSG00000185658.13	15.5416212509244	9	0.0770930205711668	0.351514689409701
ENSG00000185567.7	0.937615381619253	3	0.816342155377943	0.999999999795678
ENSG00000184281.15	1.41352103634563	3	0.702368408320731	0.999999999795678
ENSG00000182648.13		6	1	
ENSG00000184056.15		6	1	
ENSG00000170854.18	20.521714376282	12	0.0578384031780941	0.297522801119803
ENSG00000100142.16	2.90477023395943	3	0.406541971569038	0.870072799237115
ENSG00000180739.14		6	1	
ENSG00000184445.12	8.35227226979077	6	0.21341402026324	0.634683588508469
ENSG00000182885.17	3.8142500353282	3	0.282232957944542	0.738799673896157
ENSG00000165195.16	8.68705137792449	9	0.466649033720398	0.917127101924094
ENSG00000061938.19	21.1486367944981	9	0.0120065548815867	0.104608465697591
ENSG00000183891.6	17.1938895252861	6	0.00859647303868887	0.0841686073969211
ENSG00000185437.13	5.87054296460519	9	0.752801765545756	0.999999999795678
ENSG00000184271.17	18.0351054501639	3	0.000432577289156773	0.00966089279116792
ENSG00000184634.16	4.38417159785422	6	0.62483664712478	0.999999999795678
ENSG00000178222.13	8.28237394159805	9	0.505959335257073	0.943584911996937
ENSG00000171791.13	0.733253684997976	3	0.865355856146113	0.999999999795678
ENSG00000183011.13	2.52132511718082	9	0.980304476202375	0.999999999795678
ENSG00000184613.11	1.75383131077342	3	0.625032913784422	0.999999999795678
ENSG00000241404.7	13.4199971856424	12	0.339266496854493	0.801641938210252
ENSG00000132906.18	7.29430001461333	12	0.837567970501412	0.999999999795678
ENSG00000115306.16	11.7228520757781	6	0.0684450361361136	0.329699291714482
ENSG00000120159.13	10.0890940230493	6	0.120949871409648	0.46503745323481
ENSG00000122873.12	0.651635980888386	3	0.884516261667302	0.999999999795678
ENSG00000126858.18	2.16117843404027	9	0.988654653516605	0.999999999795678
ENSG00000120868.14	12.1570788971685	6	0.0585549185416283	0.300134145312164
ENSG00000186448.15	11.5515283363686	6	0.0727548590413674	0.340348322128312
ENSG00000160336.15	12.987848012448	6	0.043229327773394	0.248729709197236
ENSG00000094631.21	9.15166089475679	15	0.869454903246991	0.999999999795678
ENSG00000186594.14	3.37873431264597	3	0.336833768103116	0.798687147707505
ENSG00000186141.9	8.94100717992114	6	0.176923069873599	0.57326751697253
ENSG00000186230.7	3.12969689570855	6	0.792401352703077	0.999999999795678
ENSG00000177380.14	11.1694528909738	12	0.514455133341177	0.947883583181118
ENSG00000162302.13	0.917828429102883	3	0.821123406183235	0.999999999795678
ENSG00000186635.14	1.15853418950974	6	0.978883283787654	0.999999999795678
ENSG00000143776.18	31.5806468491292	9	0.000235238334793644	0.00581425969564657
ENSG00000164031.17	3.6311604016646	3	0.304145219109536	0.766850908694932
ENSG00000187240.16	0.781778487907559	3	0.853820229166893	0.999999999795678
ENSG00000125482.13	17.1941795944094	6	0.00859548334694995	0.0841686073969211
ENSG00000176148.16	39.160567819099	9	1.07773182361588e-05	0.000490852353598538
ENSG00000134779.15	4.09380472522753	12	0.981683556787874	0.999999999795678
ENSG00000166352.16	35.3913746336475	15	0.00216218721886444	0.0332270520727877
ENSG00000187079.19	34.7993085587805	6	4.71298889586886e-06	0.000247952289182208
ENSG00000189079.17	4.93732091129959	3	0.176444772609546	0.572777860794597
ENSG00000156256.15	0.473776806757087	3	0.924613586044201	0.999999999795678
ENSG00000184470.21	3.90916631552682	3	0.271441052290846	0.725700763043109
ENSG00000066651.20	1.58226715067576	3	0.663417274895831	0.999999999795678
ENSG00000185973.12	3.13216480083793	6	0.792085356100357	0.999999999795678
ENSG00000186166.9	21.3569657444496	3	8.8750647428532e-05	0.00257885841829071
ENSG00000186665.9	3.56455815185655	6	0.735361646810991	0.999999999795678
ENSG00000165650.12	5.96419470015576	3	0.113365284749873	0.44657549245249
ENSG00000108175.17	10.0013282840982	3	0.0185548479350435	0.140059732038545
ENSG00000166579.16	5.87106483359094	3	0.118054507025663	0.458365846962189
ENSG00000198464.14	2.95819117409792	3	0.398116295362131	0.864820608873331
ENSG00000119723.17	12.2151212546414	9	0.201451720105817	0.615825450564802
ENSG00000159753.14	1.69188764319506	6	0.945745836927406	0.999999999795678
ENSG00000109184.15	12.1578393029376	9	0.204556660793465	0.620931487230206
ENSG00000186104.10	33.166307001562	15	0.00445142359353619	0.0545690412709165
ENSG00000169084.15		6	1	
ENSG00000169084.15_PAR_Y	6.62333352469068	6	0.357088829634998	0.822186635004523
ENSG00000187446.12	3.183446973846	3	0.364196836459756	0.829735973621928
ENSG00000167904.15	4.49924189020567	6	0.609440397860433	0.999999999795678
ENSG00000187097.12	14.3104651127501	9	0.111702052923562	0.441842865623001
ENSG00000176853.16	4.03684796437665	3	0.257512607356995	0.707648128994662
ENSG00000155621.15	2.50137050109515	3	0.475043454022077	0.923351524936488
ENSG00000158636.16	4.19970624723464	9	0.897783347956209	0.999999999795678
ENSG00000186314.11	0.822874156503531	3	0.843988375362224	0.999999999795678
ENSG00000186174.12	2.68063739528589	6	0.84772897880175	0.999999999795678
ENSG00000214530.9	20.190077242838	12	0.0635746939926742	0.316390450705101
ENSG00000186132.15	0.643975274489094	3	0.88629548657874	0.999999999795678
ENSG00000187118.14	1.05483600158186	3	0.787986485796667	0.999999999795678
ENSG00000186001.14	6.16074371245941	12	0.907763024997067	0.999999999795678
ENSG00000168781.22	15.701067930022	15	0.402192223214355	0.868559497495679
ENSG00000197779.14	6.89572305067009	6	0.330598495871451	0.792478416921895
ENSG00000187257.16	0.622588634175372	3	0.891242306862139	0.999999999795678
ENSG00000197702.14	3.00106273403981	3	0.391461352606595	0.859873395506143
ENSG00000186575.19	9.39627498505297	6	0.152487617727387	0.5278187735313
ENSG00000126777.18	6.51656308665406	3	0.0890115804810885	0.38343086235929
ENSG00000161671.17	2.27290392368741	6	0.892967466388671	0.999999999795678
ENSG00000153551.14	15.9599056936304	9	0.067723597145497	0.327196187162422
ENSG00000186298.12	12.1073957044428	3	0.00702417818890375	0.0732883044754732
ENSG00000138756.17	29.3123161586436	9	0.000573920480865246	0.0119608569109886
ENSG00000100023.19	8.1323238809091	6	0.228568371390613	0.658670385510994
ENSG00000186280.7	10.6826168384595	3	0.0135719205176503	0.112230551780753
ENSG00000187630.17	3.65649657771428	6	0.723045374433335	0.999999999795678
ENSG00000186615.11	11.3285501060927	6	0.0787376789591331	0.356010241674117
ENSG00000161791.14	0.671870693520532	3	0.879799441816532	0.999999999795678
ENSG00000147475.17	0.663062558025558	3	0.88185565815395	0.999999999795678
ENSG00000186352.9	6.78148915311158	6	0.341528638171986	0.804641868544112
ENSG00000088992.18	4.51819220330344	9	0.87412720007742	0.999999999795678
ENSG00000100029.18	2.74295623062062	3	0.432976622080437	0.892711463684156
ENSG00000172671.20	2.79819494828553	3	0.423797146913835	0.885558679544047
ENSG00000047849.21	4.75182481404045	6	0.576014493273247	0.984462058843763
ENSG00000187231.14	11.1826503992925	15	0.739542369463533	0.999999999795678
ENSG00000176473.13	15.0622421506287	9	0.0892404187372299	0.383920807086363
ENSG00000186111.10	0.280073437528699	3	0.963731502526971	0.999999999795678
ENSG00000133612.19	1.75081310546739	9	0.994823578339109	0.999999999795678
ENSG00000056586.16	16.1138254519501	6	0.0131558861653432	0.110408663708527
ENSG00000128607.14	1.90167570251379	3	0.593062876720533	0.995024987908394
ENSG00000186854.11	24.123169349652	12	0.0195703444246638	0.145157165828682
ENSG00000109066.14	1.01822666044518	3	0.796841759660461	0.999999999795678
ENSG00000120519.15	0.987343222485947	3	0.804314485382365	0.999999999795678
ENSG00000187147.18	0.809851730336959	6	0.991806909572299	0.999999999795678
ENSG00000186162.10	11.2358542824568	9	0.259888199169598	0.71080667423538
ENSG00000115524.17	6.70361964525364	6	0.349127857719112	0.813093807103948
ENSG00000186815.13	6.43092398208319	3	0.0924268620770184	0.391594331142234
ENSG00000124593.16	2.64155750825103	6	0.852300901191029	0.999999999795678
ENSG00000242110.8	3.28909239402037	6	0.771785142829947	0.999999999795678
ENSG00000100207.19	14.9816077109163	9	0.0914424217338483	0.390081705316934
ENSG00000186625.14	3.23894683293838	3	0.356230901225786	0.821550953854784
ENSG00000249087.7		6	1	
ENSG00000186106.11	2.31705279529842	3	0.50926191825034	0.945189187558495
ENSG00000170485.17	8.09354399049425	6	0.231329853127094	0.662916620467074
ENSG00000175600.16	0.164993725807562	3	0.983032229797389	0.999999999795678
ENSG00000165629.20	1.719410046353	3	0.632627155045115	0.999999999795678
ENSG00000042088.14	10.464956779073	9	0.314170836699879	0.776133244276401
ENSG00000065613.15	0.931127650216695	3	0.817910227705051	0.999999999795678
ENSG00000113812.14	3.58811400449122	6	0.732211995717908	0.999999999795678
ENSG00000129353.15	1.01098789457319	3	0.798593234694222	0.999999999795678
ENSG00000129355.7	1.9840552941796	3	0.575722674950988	0.984264809326795
ENSG00000166407.14	1.44223994509775	3	0.695664002486634	0.999999999795678
ENSG00000136840.19	11.8966853254533	6	0.0643137155390658	0.317225733352356
ENSG00000179604.10	0.61839453363973	3	0.892208754727108	0.999999999795678
ENSG00000182247.10	0.327514152011645	3	0.954773413211361	0.999999999795678
ENSG00000169131.13	3.83938757546821	3	0.279337816296941	0.736452577794896
ENSG00000083838.16	7.89123097220545	6	0.246180830116962	0.690106497150141
ENSG00000185379.20	7.46219207116246	15	0.943533688308355	0.999999999795678
ENSG00000106070.20	14.1072776073524	9	0.118560001296415	0.459448341543994
ENSG00000145041.15	0.364404627593103	3	0.947493405552794	0.999999999795678
ENSG00000136247.14	20.2213498687343	15	0.163604883893534	0.551265500301281
ENSG00000130985.17	2.05652971102973	3	0.560757031518184	0.971853640598383
ENSG00000113966.10	32.3081090719097	12	0.00124005308095442	0.0216661860502101
ENSG00000167566.17	1.78933268052788	3	0.617259010913335	0.999999999795678
ENSG00000146278.11	7.94767364492145	3	0.0471056032172235	0.260317058815291
ENSG00000160570.14	0.902344469180207	3	0.824861998063308	0.999999999795678
ENSG00000092199.17	2.04667832667474	3	0.562775183433607	0.973279327417962
ENSG00000160404.18	0.375269852598649	3	0.945302424030526	0.999999999795678
ENSG00000074657.14	16.4352868477745	12	0.172102434711453	0.566938008210382
ENSG00000106608.17	2.01742751331403	6	0.918088834060483	0.999999999795678
ENSG00000101236.17	0.00428721797334219	3	0.999925436952876	0.999999999795678
ENSG00000087263.17	4.51970907118812	9	0.874009161913059	0.999999999795678
ENSG00000143970.17	2.0836668110453	3	0.555224139546197	0.968000451462585
ENSG00000180628.15	8.64621148367223	6	0.194474140486219	0.604989200660697
ENSG00000188785.12	1.63646986424783	3	0.651149083161956	0.999999999795678
ENSG00000166261.11	11.1967442923433	12	0.512137227021961	0.94727275826307
ENSG00000140382.15	3.52111421765676	3	0.318033984940717	0.77987443874025
ENSG00000170779.11	4.32900889700613	3	0.228058869526625	0.658225998228352
ENSG00000147649.10	3.14138420610834	3	0.370336007093915	0.836299166994532
ENSG00000168807.16		3	1	
ENSG00000213523.10	5.40286184051365	6	0.493274032032608	0.935870015840943
ENSG00000121775.18	0.433607225761079	3	0.933215787313491	0.999999999795678
ENSG00000186792.17	4.96971491485419	9	0.836940251600926	0.999999999795678
ENSG00000131748.16	23.5115303009734	9	0.00514418196845121	0.0596622077514077
ENSG00000155506.18	2.36181238242716	3	0.500782818740246	0.940151272726277
ENSG00000070476.15	10.1142249682416	9	0.341317490119602	0.804413913792274
ENSG00000179119.15	1.4991253288963	3	0.682472218685211	0.999999999795678
ENSG00000172661.19	14.9761113832919	9	0.091594249431302	0.390081705316934
ENSG00000107140.16	15.1398396965706	6	0.0191965207286587	0.14330220400298
ENSG00000143702.16	5.10987074414334	12	0.954208078157892	0.999999999795678
ENSG00000157823.17	10.3243289702659	12	0.587530606039364	0.991396525909837
ENSG00000123130.17	9.90081385915255	6	0.128891587453319	0.479322981414704
ENSG00000131067.17	1.14979959746324	3	0.765067862608345	0.999999999795678
ENSG00000155906.19	5.33122938955967	3	0.149088751057176	0.521500124292399
ENSG00000132507.18	2.0682621402666	3	0.558360184487645	0.970754024370864
ENSG00000130119.17	2.09526482115507	3	0.55287131613069	0.966809266581428
ENSG00000071205.12	1.81759934295724	3	0.611112630936943	0.999999999795678
ENSG00000173611.18	6.39894365402643	3	0.0937342575075413	0.394755130188903
ENSG00000092931.11	11.467464521782	12	0.489337478266955	0.932431783021441
ENSG00000066468.23	1.27686128695314	6	0.972918255269434	0.999999999795678
ENSG00000124444.16	10.5693871812218	12	0.566137156619388	0.976561197245107
ENSG00000135924.16	11.3018875278067	6	0.0794824806794064	0.35816869607089
ENSG00000158290.18	5.24488592576199	6	0.512810092949534	0.947675515712402
ENSG00000181577.16	1.56886114721783	6	0.954789839046154	0.999999999795678
ENSG00000136104.21	12.9359359349437	6	0.0440646449078839	0.250865222098465
ENSG00000156475.18	3.84704903340025	3	0.278460765247841	0.735575569848241
ENSG00000159267.15		9	1	
ENSG00000093167.18	9.00746832645018	9	0.436585080867823	0.895731664432217
ENSG00000088280.19	2.20359390822432	6	0.900054132360259	0.999999999795678
ENSG00000125995.16	1.38478138949722	3	0.709105903704427	0.999999999795678
ENSG00000172375.13	7.19603485890457	6	0.30309802880319	0.766289463256114
ENSG00000159788.19	23.5521623715249	9	0.00506840910058583	0.0591501329578777
ENSG00000144741.17	0.076202506044865	3	0.994531527534021	0.999999999795678
ENSG00000071537.14	8.53920414622826	3	0.0360882792817978	0.219810428352768
ENSG00000069974.16	0.757416286060106	3	0.859622975948899	0.999999999795678
ENSG00000214274.10		3	1	
ENSG00000109606.13	24.0711335710512	3	2.41401778692758e-05	0.00093326877540709
ENSG00000075420.13	16.6858018707026	9	0.0538697396433816	0.283594593193106
ENSG00000123395.14	1.548410234318	3	0.671143175061603	0.999999999795678
ENSG00000100099.21	8.06322900777559	9	0.527787044931417	0.954552444230318
ENSG00000158555.15	2.10310414030118	9	0.989730139057265	0.999999999795678
ENSG00000204588.5	3.60196622788726	3	0.307776241893979	0.770819274956591
ENSG00000134352.20	8.28021486566649	9	0.506172675228586	0.943584911996937
ENSG00000127946.17	1.45249204365973	3	0.693277729746272	0.999999999795678
ENSG00000162772.17	16.4786091762653	6	0.0114030755980152	0.101219954764491
ENSG00000155545.20	5.22186040244833	3	0.156253872671799	0.536304041384537
ENSG00000165175.15	8.14474601006077	6	0.2276895346389	0.658067400113213
ENSG00000179820.16	2.59700200050065	9	0.978159934578659	0.999999999795678
ENSG00000267680.5	7.50726514946291	9	0.584458836129278	0.990570702186443
ENSG00000141391.14	14.5813792101471	6	0.0237748546897867	0.165444418000086
ENSG00000008952.17	1.86864507402788	3	0.600112111726198	0.999406098965548
ENSG00000156471.13	3.4581845201028	6	0.749524498354183	0.999999999795678
ENSG00000135049.16	14.3164278429817	3	0.0025046011072393	0.0371202946551902
ENSG00000079819.19	3.151866396478	6	0.789558870764368	0.999999999795678
ENSG00000167685.15	3.00175409954136	6	0.808626640090616	0.999999999795678
ENSG00000169764.15	2.31377553517814	3	0.509887018283488	0.945483544653302
ENSG00000157191.20	7.17360203016506	3	0.0665655797672127	0.324307184599034
ENSG00000054611.14	15.3569081853675	9	0.0815873782990567	0.364038376391918
ENSG00000092820.18	1.74886162641633	3	0.626125925460687	0.999999999795678
ENSG00000173598.14	0.416394859115826	3	0.936835261304232	0.999999999795678
ENSG00000123933.17	13.8420560799277	6	0.0314511168395686	0.199043094627934
ENSG00000155096.14	0.290229882804852	3	0.961855379522819	0.999999999795678
ENSG00000083312.17	13.3189934990151	6	0.038240890548261	0.227955073290259
ENSG00000128272.15	0.72836596070556	3	0.866512568109398	0.999999999795678
ENSG00000113971.20	1.44829000751531	3	0.694255335893428	0.999999999795678
ENSG00000171492.14	1.31124099994486	3	0.726465536132194	0.999999999795678
ENSG00000138386.17	1.09616656600883	6	0.981702702087591	0.999999999795678
ENSG00000146457.16	9.43788200494237	9	0.397873737639029	0.864762035131263
ENSG00000104853.16	6.36354928629589	3	0.0952019351251485	0.398041303795554
ENSG00000122482.21	23.1391250378165	12	0.0265677681377051	0.179337965272586
ENSG00000112096.19	13.7366773574613	9	0.132005267410511	0.486373451783499
ENSG00000108384.15	3.04251575720991	9	0.962585462084843	0.999999999795678
ENSG00000170113.16	14.9353361560916	6	0.0207656607887725	0.150578901623058
ENSG00000140157.15	1.87213289292413	6	0.931074721153449	0.999999999795678
ENSG00000126895.15	8.21977649156781	3	0.0416813839557046	0.243979046735666
ENSG00000165185.15	0.134514632824221	3	0.987395811130727	0.999999999795678
ENSG00000154001.14	10.369949578866	9	0.321373956665754	0.783375732432276
ENSG00000155256.17	2.02213260237113	12	0.999371131139268	0.999999999795678
ENSG00000100413.17	14.8341685758314	12	0.25063086312335	0.696798493601164
ENSG00000147654.15	5.32357156125363	6	0.503031494121299	0.941384192714997
ENSG00000185499.16	13.0017695367715	6	0.0430078551243321	0.248254328061646
ENSG00000122565.19	49.1079814212862	3	1.23720465778491e-10	2.71081571909792e-08
ENSG00000107938.18	11.0310015606447	12	0.526263730800011	0.953816245382448
ENSG00000095794.19	1.40182104954147	9	0.997811687066534	0.999999999795678
ENSG00000112739.17	35.1716061648185	12	0.000439725857540531	0.00979356463483814
ENSG00000076928.18	0.991018777367572	3	0.803425135174867	0.999999999795678
ENSG00000160908.15	8.78496431250551	6	0.186037574753419	0.590933264471912
ENSG00000113638.14	32.4222753434442	9	0.000168278145673922	0.00440074492573706
ENSG00000119383.20	3.03758584085153	6	0.804114844607113	0.999999999795678
ENSG00000119760.16	17.1770803633845	6	0.00865401302293676	0.0845317746470877
ENSG00000179195.16	1.78567867415404	6	0.938316976155818	0.999999999795678
ENSG00000123473.16	11.0730607990354	9	0.270734230003349	0.724848878017552
ENSG00000133466.14	0.444286348123569	3	0.930949416496182	0.999999999795678
ENSG00000142599.19	13.8249895871431	6	0.0316534090575516	0.200011057856252
ENSG00000072422.17	23.2023713520721	9	0.00575746733859095	0.0638902356021722
ENSG00000164683.18	0.102031283533506	3	0.991592552661675	0.999999999795678
ENSG00000132950.19	4.68402937792189	9	0.860936886837201	0.999999999795678
ENSG00000169813.16	0.633626670110971	3	0.888692986194107	0.999999999795678
ENSG00000183655.13	8.02293523585104	3	0.0455400740015927	0.255320456383757
ENSG00000166900.17	23.2341955865995	9	0.00569123043278593	0.0634515392187625
ENSG00000126970.16	6.74282595936984	6	0.34528670417191	0.808048894404774
ENSG00000039319.17	13.9286848902311	9	0.124884754803242	0.473103134200878
ENSG00000161642.18	20.0183303387903	6	0.00274866690507255	0.0394397214149083
ENSG00000181085.15	4.37209947554402	6	0.626456746766692	0.999999999795678
ENSG00000006744.19	8.66600148410362	9	0.468658576389663	0.919732529361171
ENSG00000068305.17	4.12825264252388	9	0.902770129532279	0.999999999795678
ENSG00000181904.9	10.9102000653693	3	0.0122215015203261	0.105772458911183
ENSG00000180917.18	5.39515648182533	6	0.494217921211894	0.935908593147587
ENSG00000165533.19	11.3120559940544	9	0.254924045921784	0.704521799142175
ENSG00000285043.1	2.38579333826783	3	0.49628466716501	0.936608174100327
ENSG00000105655.19	12.7433281587587	6	0.0472978980964956	0.260992200162668
ENSG00000124588.21	0.367116869747406	3	0.946948385173829	0.999999999795678
ENSG00000118162.14	6.05762284966568	9	0.734137580736127	0.999999999795678
ENSG00000165675.16	11.3244361298657	9	0.254124308798846	0.703467507946014
ENSG00000185414.20	8.83286601859436	9	0.452843138440147	0.906887154578438
ENSG00000154920.15	24.6874626227072	12	0.0163753351227196	0.127281727555022
ENSG00000198056.15	11.5014818877826	6	0.074060139818196	0.343254580267725
ENSG00000189190.10	0.0475680186423233	3	0.997279791017467	0.999999999795678
ENSG00000214765.8	23.4638025590848	12	0.0240367441337271	0.166567868124785
ENSG00000215717.7		3	1	
ENSG00000099364.17	0.884506021709967	3	0.829165161251824	0.999999999795678
ENSG00000197780.10	0.407041095430031	3	0.938784159214354	0.999999999795678
ENSG00000172500.13	0.175270949432161	3	0.981479078054319	0.999999999795678
ENSG00000188352.12	4.31222178698954	6	0.634504262472281	0.999999999795678
ENSG00000108465.15	4.81423221011937	6	0.567850645743285	0.976780221735797
ENSG00000015676.18	25.0298807484869	9	0.00293830386980923	0.041572128224334
ENSG00000076555.15	5.71719451232639	3	0.126209933961176	0.475165736132731
ENSG00000158234.12	1.36121450195787	3	0.714650909990998	0.999999999795678
ENSG00000110583.13	0.375757292415074	3	0.945203659241982	0.999999999795678
ENSG00000185022.12	13.9070027068057	3	0.00303451008203705	0.0424575058062618
ENSG00000188070.9	0.857183348670333	3	0.835746181852987	0.999999999795678
ENSG00000153130.17	7.58347155652518	6	0.270234103736905	0.723988063118006
ENSG00000086300.16	5.31796136026969	3	0.149941142472205	0.522827028826739
ENSG00000172819.17	5.91004571033773	6	0.433341988936286	0.893010550154162
ENSG00000187961.14	8.99364755905845	12	0.703472922669156	0.999999999795678
ENSG00000241258.7	1.49285503428837	3	0.683920363868565	0.999999999795678
ENSG00000188529.15	29.7653048369539	15	0.0127964949087023	0.108971832168959
ENSG00000102743.15	0.130461861221193	3	0.987946588559353	0.999999999795678
ENSG00000116288.13	3.24715025292244	6	0.777248478256628	0.999999999795678
ENSG00000168003.17	3.74894541443791	3	0.289880746464008	0.748189497479693
ENSG00000113838.13	4.38898753609965	6	0.624190577599169	0.999999999795678
ENSG00000188677.15	2.18433776066377	3	0.53503992899566	0.95921466262004
ENSG00000132613.15	5.71323115231644	6	0.456068285708137	0.909332413240499
ENSG00000161955.16	5.33356314808952	12	0.945900035214897	0.999999999795678
ENSG00000157540.22	2.21415501585534	3	0.529165658793008	0.954552444230318
ENSG00000106348.18	2.4011516145838	6	0.879362205350312	0.999999999795678
ENSG00000148719.15	1.65068217623957	6	0.948864825960475	0.999999999795678
ENSG00000169598.17		6	1	
ENSG00000121390.19	14.6581530963049	9	0.100764140847206	0.411741375931604
ENSG00000117523.16	32.8271473240893	18	0.0175123000348614	0.134379855114063
ENSG00000047579.20	2.00709268097489	3	0.570935897866181	0.979385807025207
ENSG00000069869.16	5.73353146000773	3	0.125319223670352	0.473272339742966
ENSG00000261052.6	2.82698158365838	6	0.830228143243567	0.999999999795678
ENSG00000182903.16	7.18861198746527	3	0.0661229624887864	0.323303341488102
ENSG00000091436.17	8.35691766536729	6	0.213103152070516	0.634541669180973
ENSG00000163001.12	0.338255523442058	3	0.95268014702171	0.999999999795678
ENSG00000188725.8	13.7474699227314	3	0.00326984120265221	0.045082657533846
ENSG00000025293.17	18.7102274690405	3	0.000313827085083552	0.00746098586150252
ENSG00000142546.14	0.237871609177091	3	0.971255670570237	0.999999999795678
ENSG00000125246.15	7.4170152347815	6	0.283996160228808	0.739831899413543
ENSG00000187556.7	2.25964931594115	3	0.52029506820531	0.950985646027984
ENSG00000126709.15	0.44434605522838	3	0.930936701971885	0.999999999795678
ENSG00000130024.15	16.1295340495853	9	0.0642253592592329	0.317225733352356
ENSG00000171703.17	2.97970849361445	6	0.81138929145789	0.999999999795678
ENSG00000080845.17	0.173458904129802	3	0.981755737292017	0.999999999795678
ENSG00000101391.21	0.768768362329865	3	0.856921702376772	0.999999999795678
ENSG00000180008.9	9.59318894353055	6	0.14286240659013	0.5093164161065
ENSG00000156313.15	10.5047134497736	9	0.31118996519471	0.774456790744255
ENSG00000176986.16	2.83589065423803	3	0.41762570491017	0.880324264510138
ENSG00000165792.18	10.5075031560409	9	0.310981538486159	0.774302006298309
ENSG00000151304.6	3.21580005952774	3	0.35953467716898	0.82594152105665
ENSG00000088387.19	7.93300404432557	15	0.926440529155956	0.999999999795678
ENSG00000189067.13	1.36081609545363	3	0.714744801705932	0.999999999795678
ENSG00000112081.17	3.31650833081221	6	0.768200454298953	0.999999999795678
ENSG00000188659.9	10.6207310561031	3	0.0139638809194323	0.113888513696013
ENSG00000101782.15	16.5398318138386	3	0.000878688000372803	0.0167612320447584
ENSG00000067177.15	5.01584846220339	6	0.541782043511484	0.962358572534126
ENSG00000115827.14	3.63489619445625	3	0.303683343330457	0.766850908694932
ENSG00000132600.17	7.42266393649334	6	0.283520365083314	0.739427948539372
ENSG00000189171.14	5.86334384669317	6	0.438671366288391	0.896699134266259
ENSG00000153234.15	2.46634969145339	3	0.4814031539987	0.926717119677157
ENSG00000124356.16	2.1639695254853	6	0.904017385402478	0.999999999795678
ENSG00000188895.12	1.71936872479273	3	0.632636304879581	0.999999999795678
ENSG00000009954.11	0.837962934630923	3	0.840366890969565	0.999999999795678
ENSG00000213096.11	40.4057109714327	6	3.79083623367245e-07	2.92688660441739e-05
ENSG00000150991.15	2.30253035417991	3	0.512036331616328	0.94727275826307
ENSG00000198466.12	1.55090148813861	3	0.670573086718772	0.999999999795678
ENSG00000096070.19	3.81168616260402	3	0.282529757074428	0.739251136104075
ENSG00000106268.15	4.23200091593026	6	0.645312694163907	0.999999999795678
ENSG00000089818.18	13.8590268452699	9	0.127429024555629	0.47716725268937
ENSG00000149328.15	0.708453505289072	3	0.871213821058904	0.999999999795678
ENSG00000135622.13	10.0454555995796	6	0.122750791394348	0.468939704134617
ENSG00000124635.9	4.48312440542759	6	0.611591447022473	0.999999999795678
ENSG00000166275.16	1.60135316084325	3	0.659083038488712	0.999999999795678
ENSG00000173588.15	9.64750785454635	6	0.14030273668403	0.504590029533218
ENSG00000198538.11	11.8891497220011	9	0.219630913450435	0.643261493982181
ENSG00000166348.18	1.14152085140859	3	0.767061403371228	0.999999999795678
ENSG00000187764.11	7.72063045011782	3	0.0521524474181573	0.278157823170396
ENSG00000187742.15	11.2234120129597	9	0.26070556415308	0.710911540056852
ENSG00000188994.13	12.328341592065	6	0.0550321813517563	0.288021881354867
ENSG00000196268.12	2.14982899476757	3	0.541897975036177	0.962358572534126
ENSG00000120533.13	1.22743467224063	3	0.746432142525032	0.999999999795678
ENSG00000197472.15	11.7268520627176	6	0.0683472822380572	0.329620117253974
ENSG00000110321.18	1.83126163980342	3	0.608155796133047	0.999999999795678
ENSG00000001631.16	7.92175792724447	12	0.791214459897405	0.999999999795678
ENSG00000056972.20	29.2633603903996	12	0.00360014510391778	0.0476639704240662
ENSG00000250571.7	7.26208615103042	9	0.609852946258598	0.999999999795678
ENSG00000151148.14	15.4624551740017	6	0.0169492676388116	0.130367848906874
ENSG00000148498.16	26.206056073961	12	0.0100357450280301	0.0931956299452925
ENSG00000164654.16	8.5793482894187	9	0.476973478319776	0.925077509267566
ENSG00000046651.15	0.480914842079073	6	0.998063049913873	0.999999999795678
ENSG00000125170.11	5.71248177358211	9	0.768313658226752	0.999999999795678
ENSG00000132199.20	3.55768276087474	9	0.938045572852795	0.999999999795678
ENSG00000166123.14		3	1	
ENSG00000182484.15		9	1	
ENSG00000182484.15_PAR_Y		15	1	
ENSG00000138785.15	6.92749454745353	6	0.327604582328892	0.790660360622343
ENSG00000028116.18	0.507945892440148	3	0.917142297910717	0.999999999795678
ENSG00000162664.17	4.50384571022551	6	0.608826319968767	0.999999999795678
ENSG00000077380.16	1.53350699847215	3	0.674558802498183	0.999999999795678
ENSG00000188807.13	0.935360364370354	3	0.816887229046721	0.999999999795678
ENSG00000152292.17	1.43796347563853	3	0.696660503715462	0.999999999795678
ENSG00000135047.15	4.85635172600451	6	0.562364896174653	0.973279327417962
ENSG00000160194.18	11.9728905385819	6	0.0625763228951969	0.312958821536929
ENSG00000175048.17	2.17656291486401	9	0.988357719978724	0.999999999795678
ENSG00000186480.13	2.40218400914455	6	0.879250200699463	0.999999999795678
ENSG00000117592.9	11.4656862387783	3	0.00945671255779521	0.0894580731692482
ENSG00000189308.11	4.72198448075869	6	0.57993250614409	0.986262392974646
ENSG00000188647.13	42.2479756801668	12	3.02521611376598e-05	0.00111988251298177
ENSG00000149532.16	2.42507170155659	3	0.488984598039716	0.932313766770455
ENSG00000131236.17	3.78862689719972	3	0.285211787769264	0.742283134332398
ENSG00000163349.22	1.78270418521652	3	0.618705912278885	0.999999999795678
ENSG00000147813.16	3.64200097993307	6	0.724991174544151	0.999999999795678
ENSG00000188185.13	1.69269328035443	3	0.638559466776461	0.999999999795678
ENSG00000154305.18	5.92805551001948	9	0.747096671666041	0.999999999795678
ENSG00000101558.14	6.80593708175002	9	0.657316011556663	0.999999999795678
ENSG00000170802.16	0.219170264209879	3	0.974436794861154	0.999999999795678
ENSG00000188010.14	2.16620644534851	3	0.538635282862948	0.960356303554987
ENSG00000106852.15	2.29648678874923	6	0.890512670142789	0.999999999795678
ENSG00000120833.14	6.28912123338432	6	0.391594002246044	0.859873395506143
ENSG00000181220.17	0.293273788221995	3	0.961288495556167	0.999999999795678
ENSG00000173230.15	28.3713468818114	12	0.00487987585809683	0.0574800784353216
ENSG00000066427.24	69.4483778142858	18	5.601526730141e-08	5.67644715015664e-06
ENSG00000248333.8	2.35636108643666	3	0.501809681974069	0.940267705237434
ENSG00000196418.12	2.7645451502558	9	0.972903181393179	0.999999999795678
ENSG00000185630.19	26.1941978895557	12	0.0100747292524612	0.0933535206039446
ENSG00000188026.13	0.711430741548611	6	0.994241047729586	0.999999999795678
ENSG00000072071.16	0.738252317127262	6	0.993628034296746	0.999999999795678
ENSG00000130816.16	0.641536448587431	3	0.886861127868243	0.999999999795678
ENSG00000068366.20	11.0705644080172	9	0.270903112780605	0.725061583133828
ENSG00000113328.19	1.25803772775544	6	0.973921066986757	0.999999999795678
ENSG00000124496.12	0.291546707788484	3	0.961610396766168	0.999999999795678
ENSG00000171680.23	18.8491338049021	9	0.0265066758282528	0.179224037480939
ENSG00000010404.18	9.56631827542878	6	0.144143706862706	0.511634427117321
ENSG00000175787.17	0.203185018093109	3	0.977073496537067	0.999999999795678
ENSG00000070367.16	27.0279716551231	12	0.00765586283502663	0.0784061112555688
ENSG00000164828.18	5.50207804462116	9	0.788531037046623	0.999999999795678
ENSG00000169398.19		15	1	
ENSG00000162819.12	16.6335223643164	3	0.000840601667200412	0.0162008983480404
ENSG00000131844.16	1.40656846182173	3	0.70399577207167	0.999999999795678
ENSG00000187609.16	1.95596025877603	6	0.923704012442597	0.999999999795678
ENSG00000124214.19	23.172032747003	9	0.00582130111796122	0.064296032920043
ENSG00000197782.14	14.4370746551976	12	0.273672215495385	0.7284804385996
ENSG00000137819.14	4.18673702891374	6	0.651422238687077	0.999999999795678
ENSG00000188825.14	10.9664687479672	3	0.0119085804125674	0.104033255824012
ENSG00000130714.17	0.705723839870188	3	0.871856825452261	0.999999999795678
ENSG00000167272.11	0.948375730993575	3	0.813740671121522	0.999999999795678
ENSG00000105974.12	3.41811085487279	3	0.331539200176414	0.792794475177161
ENSG00000187634.12	25.1821007564868	12	0.0139831403236128	0.113930973470883
ENSG00000153107.13	1.81849027204953	3	0.610919535468282	0.999999999795678
ENSG00000160058.19	23.3979892016087	6	0.000673572929144945	0.013720240544166
ENSG00000179348.12	13.9166808369446	9	0.125320073061129	0.473272339742966
ENSG00000128309.16	1.28634139520727	3	0.732378974638273	0.999999999795678
ENSG00000075303.13	2.48477982976419	6	0.870167141100763	0.999999999795678
ENSG00000135454.14	17.0280799490338	9	0.0482780585695743	0.2646316570815
ENSG00000119616.11	3.44688087650866	6	0.751023029420007	0.999999999795678
ENSG00000079277.22	33.4517056271507	12	0.000822670510498503	0.0160656202277158
ENSG00000102401.20	2.52521411236921	6	0.865635200659483	0.999999999795678
ENSG00000124191.18	5.0910811876347	3	0.165247939636607	0.554726727384667
ENSG00000196550.10	0.067222891113488	3	0.995456891949653	0.999999999795678
ENSG00000173065.13	6.49126755403358	9	0.689919602478742	0.999999999795678
ENSG00000050405.13	0.612445960287005	3	0.893577337867915	0.999999999795678
ENSG00000181038.14	6.43330311019236	12	0.892685087247077	0.999999999795678
ENSG00000118564.15	10.4716164472629	9	0.313670135749461	0.776133244276401
ENSG00000172977.13	21.4270471613418	12	0.0444660009942174	0.25226442971317
ENSG00000144468.17	0.939505467007848	3	0.815885259998379	0.999999999795678
ENSG00000164081.13	1.06000788942765	3	0.786736034302185	0.999999999795678
ENSG00000172725.14	1.83568333042058	3	0.607200798950275	0.999999999795678
ENSG00000058668.15	11.9959183321262	6	0.0620599233734497	0.311143969566207
ENSG00000187514.16	0.261208117706701	3	0.967151058203564	0.999999999795678
ENSG00000001167.14	0.24998577579936	3	0.969142908113484	0.999999999795678
ENSG00000135387.21	3.18686077698658	3	0.363702450206042	0.829638650484069
ENSG00000103253.18	8.10432707535074	3	0.0439040748501445	0.250447349445002
ENSG00000184992.13	43.9779034878375	6	7.46704763369915e-08	7.29341628510831e-06
ENSG00000054654.19	17.7716368488618	12	0.122802391991833	0.468939704134617
ENSG00000165240.20	2.51346830233092	3	0.472861976083145	0.921512509640879
ENSG00000139990.18	3.57395525589982	6	0.734105688772395	0.999999999795678
ENSG00000161048.11	4.49039556622074	6	0.610620798946186	0.999999999795678
ENSG00000151500.15	4.72449635266821	9	0.857633028514513	0.999999999795678
ENSG00000111653.20	7.52864266845427	6	0.274708187098628	0.729540119466787
ENSG00000184481.17	5.98954794121346	6	0.42436194941975	0.885957156140689
ENSG00000106609.16	22.8840523732688	6	0.000836257097021937	0.0161802775311619
ENSG00000131018.24	2.71559677646951	3	0.437583289403508	0.895956888835721
ENSG00000103351.13	4.22907537932224	9	0.895698669904875	0.999999999795678
ENSG00000185722.18	3.5951896328188	3	0.308624573923759	0.771989947793865
ENSG00000103168.16	5.69634346986277	6	0.458050497063214	0.91166625146298
ENSG00000138777.20	1.52518889347266	3	0.676469067851768	0.999999999795678
ENSG00000188368.9	0.36045516676927	3	0.948284736910671	0.999999999795678
ENSG00000008083.14	12.9224861413281	3	0.00480726766296565	0.0569773668766996
ENSG00000137699.17	3.48776501213433	6	0.745596789896186	0.999999999795678
ENSG00000176261.15	12.846786287686	12	0.380274640325176	0.846067588723701
ENSG00000182504.11	3.89261421453421	3	0.273295770877903	0.728100169078922
ENSG00000144355.15	1.07245889527985	6	0.982715735066601	0.999999999795678
ENSG00000141905.19	8.201431858055	9	0.51398127625812	0.947675515712402
ENSG00000029725.17	5.76755336627321	6	0.449726256112614	0.904036432087946
ENSG00000082397.17	10.1884520733365	9	0.335445588900425	0.79668773598004
ENSG00000163995.20	2.89351852791776	3	0.408335557841939	0.87219053978407
ENSG00000188186.10	0.243802078941371	3	0.970226328640224	0.999999999795678
ENSG00000138433.16	0.465993601806076	3	0.926296368626719	0.999999999795678
ENSG00000148308.18	2.35200637041999	6	0.884648946823653	0.999999999795678
ENSG00000064933.18		12	1	
ENSG00000159110.20	1.77049223042195	3	0.62137711080211	0.999999999795678
ENSG00000213853.10	1.62494538638566	3	0.653746940817964	0.999999999795678
ENSG00000117543.21	20.1585033295705	12	0.0641463937015444	0.317225733352356
ENSG00000178904.19	1.4403574157277	6	0.963357514525088	0.999999999795678
ENSG00000117155.16	0.601686333806356	3	0.896046217442504	0.999999999795678
ENSG00000104365.15	23.6658789123112	9	0.0048620084330197	0.0573745303733489
ENSG00000168575.10	0.438504032314086	3	0.932178486482619	0.999999999795678
ENSG00000166311.10	8.20539487670249	6	0.223438505607443	0.650264058683252
ENSG00000149596.7	0.11606009857428	3	0.989842843155426	0.999999999795678
ENSG00000183337.17	20.7318868067159	15	0.145616556572015	0.514160899011032
ENSG00000167081.18	16.0069941149432	12	0.190915928818119	0.599208453321134
ENSG00000168214.20	12.1869881788043	12	0.430781703831456	0.89077425629329
ENSG00000215252.11	43.363084356708	12	1.95962696830261e-05	0.000798326423720065
ENSG00000120539.15	3.19683621950753	6	0.783767212870989	0.999999999795678
ENSG00000168566.13	2.30713516752439	3	0.511155376614772	0.946331033941777
ENSG00000188313.13	13.2931009729273	9	0.149786036574461	0.522510928790514
ENSG00000006534.16	0.59944879790055	3	0.896558546880218	0.999999999795678
ENSG00000196152.10	2.2709007782878	3	0.518118455116167	0.950985646027984
ENSG00000162434.13	17.0041484730245	3	0.000705355330420448	0.0142601388122658
ENSG00000107758.16	6.6923020777358	9	0.669119958790572	0.999999999795678
ENSG00000188242.4	0.473219301398785	3	0.924734367261981	0.999999999795678
ENSG00000188735.13	10.7158279575315	6	0.0975662949897639	0.404381366810847
ENSG00000111206.13	5.70998039314145	9	0.768557033525459	0.999999999795678
ENSG00000124104.19		9	1	
ENSG00000170412.18	2.90058156756277	6	0.821217512276108	0.999999999795678
ENSG00000179152.20	4.01820899423547	9	0.910209968670103	0.999999999795678
ENSG00000164631.19	2.81714633877982	3	0.420685096997823	0.883565591266992
ENSG00000068383.19	0.365957616068044	3	0.947181491993822	0.999999999795678
ENSG00000125743.10	0.595009101787582	3	0.89757396908954	0.999999999795678
ENSG00000033170.17	11.0820385378574	9	0.270127519707083	0.723988063118006
ENSG00000159899.15		6	1	
ENSG00000078699.22	3.38976003443622	3	0.335343829496401	0.79668773598004
ENSG00000143252.15	1.02313212692388	6	0.984720193338873	0.999999999795678
ENSG00000188660.4	3.87058157057163	6	0.694185085498325	0.999999999795678
ENSG00000158321.18	2.92089204848662	6	0.818708249568314	0.999999999795678
ENSG00000130829.18	6.51190411721382	3	0.0891942153948781	0.383920807086363
ENSG00000105137.13	7.19588955336803	6	0.303110904080394	0.766289463256114
ENSG00000163291.14	3.46046766269137	9	0.94321731136945	0.999999999795678
ENSG00000157350.13	11.1892937844332	9	0.262956710937456	0.713937819027338
ENSG00000138621.12	10.2877763153665	9	0.327694438348473	0.790660360622343
ENSG00000204941.14	13.7096986368579	9	0.133033006316021	0.487624439071428
ENSG00000114867.22	6.0022801697196	9	0.739690060851148	0.999999999795678
ENSG00000123728.10	11.5247051134684	9	0.241448729283801	0.681554612919141
ENSG00000141646.14	18.6031100040054	12	0.0985673869659989	0.406099578848941
ENSG00000189229.11	19.4059898160976	12	0.0791904846394273	0.357658640095731
ENSG00000182957.16	0.950556707060571	3	0.81321328741645	0.999999999795678
ENSG00000188315.8	2.02520865514896	3	0.567191074461129	0.976561197245107
ENSG00000064115.11	4.73508416194818	9	0.856763242621683	0.999999999795678
ENSG00000132676.16	1.53635822834622	3	0.673904647676766	0.999999999795678
ENSG00000159023.21	3.06772039756379	6	0.800300487015104	0.999999999795678
ENSG00000189046.11	10.0476283440003	9	0.34664320945248	0.809484911100321
ENSG00000189362.12	1.66314537289827	6	0.94793089583404	0.999999999795678
ENSG00000050748.17	33.4496272259712	18	0.0147165775878244	0.117892583502463
ENSG00000188002.10	5.90577804867644	9	0.749310161862955	0.999999999795678
ENSG00000145979.18	6.53419196076357	6	0.366077333613678	0.831467058342082
ENSG00000164941.14	5.31961435543053	12	0.946442994473218	0.999999999795678
ENSG00000105948.13	29.293397996501	12	0.00356322000505838	0.0473718955664404
ENSG00000007341.19	6.86874488416652	6	0.333156452740205	0.794382165401424
ENSG00000188542.10	54.3777878084684	9	1.59997381589017e-08	1.96530117051843e-06
ENSG00000198517.10	4.63760465360247	3	0.200339800286833	0.613955835811242
ENSG00000057663.16	14.5499816015545	15	0.484291398408172	0.928619784896097
ENSG00000122483.17	5.0509816948761	9	0.82984159332059	0.999999999795678
ENSG00000134215.16	10.1610279898996	9	0.337607150716676	0.799351977470821
ENSG00000140988.16	2.28365473169833	3	0.515659456636185	0.949239603757845
ENSG00000076685.19	0.575847963833439	3	0.901938476702938	0.999999999795678
ENSG00000132128.16	4.87939779740736	3	0.180844257337239	0.579030171498025
ENSG00000173875.14	7.31630217571728	6	0.292583528935351	0.751100275199142
ENSG00000267673.6	3.48578520279261	6	0.745859942489632	0.999999999795678
ENSG00000143512.13	3.82808617829824	3	0.280636095817649	0.737477091991469
ENSG00000100697.15	1.52730383366588	3	0.675983108128703	0.999999999795678
ENSG00000078399.19	11.9379650233882	6	0.0633671236165042	0.315551149360565
ENSG00000122779.18	0.681016176464254	3	0.877659790229467	0.999999999795678
ENSG00000178467.18	1.84544022940099	3	0.605096904261339	0.999999999795678
ENSG00000139793.18	2.79182480530471	6	0.834484699880854	0.999999999795678
ENSG00000140950.16	8.1848654706464	12	0.770522008746294	0.999999999795678
ENSG00000151348.15	0.640116509326617	3	0.88719027972865	0.999999999795678
ENSG00000074527.13	0.0070953742851998	3	0.999841380157557	0.999999999795678
ENSG00000250251.6	2.41379621997112	12	0.998456219529235	0.999999999795678
ENSG00000116237.16	2.72406520327786	3	0.436153144608734	0.89538960327754
ENSG00000143811.19	1.96520876701834	3	0.579659065307342	0.986209409875818
ENSG00000129691.16	6.03240272923722	6	0.419570116780916	0.882577824790577
ENSG00000188707.6	0.795875494584834	3	0.850453304320477	0.999999999795678
ENSG00000118689.15	6.54250942226452	3	0.0880010288094336	0.381714467928346
ENSG00000188177.14	3.08181763166874	3	0.379181726487349	0.844898760493892
ENSG00000125354.23	3.26506130213056	6	0.774918549460213	0.999999999795678
ENSG00000108107.15	2.37248691311106	3	0.498776722860598	0.938404013049632
ENSG00000148814.18	6.13066803246693	6	0.408713019457224	0.87219053978407
ENSG00000106290.15	1.10374069951649	3	0.776171141462272	0.999999999795678
ENSG00000140105.18	5.40851362560352	9	0.797343101640832	0.999999999795678
ENSG00000240230.6	0.0327715847151922	3	0.998437574870841	0.999999999795678
ENSG00000038382.20	1.63269140897137	6	0.950198412579388	0.999999999795678
ENSG00000083896.13	4.66286718678748	6	0.587720698596605	0.991396525909837
ENSG00000204673.11	11.5839941398881	6	0.0719194500900046	0.338136083057556
ENSG00000130396.20		15	1	
ENSG00000251369.9	31.213958655374	6	2.30726864429231e-05	0.000915428017999105
ENSG00000082996.20	0.872786387073575	3	0.831989611701552	0.999999999795678
ENSG00000178752.16	11.6609962623083	6	0.0699731999929387	0.333202299649363
ENSG00000235109.7	1.39789531649876	9	0.997835728532556	0.999999999795678
ENSG00000114030.13	9.04007230838397	12	0.69950396537848	0.999999999795678
ENSG00000168397.17	12.2370446715249	9	0.200273369025761	0.613955835811242
ENSG00000146576.13	0.250566731494473	3	0.969040598588328	0.999999999795678
ENSG00000112679.14	6.58271876195067	9	0.680473969092619	0.999999999795678
ENSG00000130147.16	22.5226119252147	3	5.07765574122489e-05	0.00164658220376441
ENSG00000116678.20	0.664912268403441	3	0.881424227875441	0.999999999795678
ENSG00000260280.5		3	1	
ENSG00000113360.16	17.557681186212	12	0.129795699140285	0.481140252825922
ENSG00000127616.19	49.0588736014543	15	1.71386884043951e-05	0.00071620281904346
ENSG00000175970.11	4.43670019373167	3	0.218006458899041	0.640818840570893
ENSG00000147316.13	0.486231240785855	6	0.99800203759109	0.999999999795678
ENSG00000006062.17	19.1357513081475	3	0.000256285221656702	0.00623935222814079
ENSG00000113810.16	13.0250448770603	6	0.0426399518226263	0.247446019632091
ENSG00000147403.17	0.846656395122409	3	0.838277919680915	0.999999999795678
ENSG00000139926.16	3.94760319300713	3	0.267177907228912	0.72008705300244
ENSG00000187555.16	27.3038295993065	9	0.00124569025002948	0.0217178728107291
ENSG00000106991.14	3.06916309370718	3	0.381084028528627	0.847352775447498
ENSG00000129317.14		9	1	
ENSG00000141552.17	6.31290377301048	9	0.708238927914768	0.999999999795678
ENSG00000169967.16	13.5172132348034	3	0.00364170640125495	0.0478900792169839
ENSG00000036054.13	8.47397429035118	6	0.205393239118916	0.62224326963268
ENSG00000179335.18	0.210307736873801	3	0.975908370112299	0.999999999795678
ENSG00000150551.11	0.59306737802126	3	0.898017588826465	0.999999999795678
ENSG00000065000.19	2.16807004210568	6	0.90361028818229	0.999999999795678
ENSG00000185825.17	1.21706737566274	3	0.748913827897097	0.999999999795678
ENSG00000102871.16	2.2912813027815	3	0.514193235358612	0.947675515712402
ENSG00000181852.18	15.6347192723842	9	0.0749126732068414	0.345832395382395
ENSG00000134077.16	10.4962315422599	9	0.311824267966264	0.774456790744255
ENSG00000164733.21	2.17476185897249	9	0.988392745061	0.999999999795678
ENSG00000138413.14	0.701742496981751	3	0.87279401981083	0.999999999795678
ENSG00000148484.18	4.21959313765547	3	0.238707547040079	0.677591766055295
ENSG00000156642.17	16.2761602494647	9	0.0613338495627884	0.308648987216341
ENSG00000213903.9	3.62013061440757	9	0.934591898050511	0.999999999795678
ENSG00000123159.16	8.67041590050212	6	0.192979582298187	0.602942529337108
ENSG00000137449.16	7.01842901022189	3	0.0713126911825644	0.336536060820715
ENSG00000060656.20	4.33735197715851	6	0.631124482177861	0.999999999795678
ENSG00000095787.23	7.34404207337502	9	0.601347034771695	0.999999999795678
ENSG00000068024.17	4.75110846637472	6	0.576108442100693	0.984462058843763
ENSG00000165806.21	5.66318574214165	3	0.129197632718943	0.480020718814149
ENSG00000120334.15	14.677020606885	9	0.100198338131359	0.410671348448396
ENSG00000104205.16	4.90983961711464	3	0.178519436632946	0.575679026564556
ENSG00000010322.16	24.5644926833593	9	0.00349265639252349	0.0470062317518632
ENSG00000172175.15	8.46839376257594	6	0.205755439838453	0.623013757103536
ENSG00000171307.19	1.21804810412505	9	0.998748298948634	0.999999999795678
ENSG00000110171.20	6.69182456051749	6	0.350289422526293	0.814411102361791
ENSG00000104497.14	2.08223038930714	3	0.555516033277367	0.968101497058409
ENSG00000151292.17	10.4730822252368	6	0.106091727977875	0.425837881860511
ENSG00000104067.16	3.70539816387736	6	0.716471698241972	0.999999999795678
ENSG00000090989.18	5.37590337446454	6	0.496580489774548	0.936663106235984
ENSG00000096063.16	8.13881969961039	3	0.0432281738146496	0.248729709197236
ENSG00000127870.17	1.42155682380144	6	0.964533969461207	0.999999999795678
ENSG00000073792.16	2.39177187912424	3	0.495168122690073	0.936545868418111
ENSG00000107485.18	2.68149404918677	6	0.847628259128715	0.999999999795678
ENSG00000179361.17	2.83963887294811	3	0.417016153405134	0.880166130800685
ENSG00000087053.20	3.84107323498756	6	0.698173272428488	0.999999999795678
ENSG00000065534.19	2.87332582808358	6	0.824569642388411	0.999999999795678
ENSG00000077721.16	3.46356446565915	3	0.325518524045284	0.787519747667895
ENSG00000158483.17	3.12703419269565	6	0.792742170107421	0.999999999795678
ENSG00000164978.18	1.59172100453361	3	0.661268480056942	0.999999999795678
ENSG00000128739.23	0.579030620487174	3	0.901215601342512	0.999999999795678
ENSG00000175197.12	17.9322326712281	6	0.00640379943798709	0.0692581231166278
ENSG00000214050.8	24.5616525537926	9	0.00349633128732867	0.0470062317518632
ENSG00000214063.11	1.43016289311345	6	0.963997905289701	0.999999999795678
ENSG00000143369.15	3.47090851890152	3	0.324554835138142	0.786708464220327
ENSG00000109016.17	8.67011450414793	6	0.192998132925841	0.602942529337108
ENSG00000112242.15	56.4312125532833	3	3.39874658837792e-12	9.50125468688959e-10
ENSG00000102181.21	0.99304201933046	3	0.802935577708769	0.999999999795678
ENSG00000132016.11	7.79717630302002	9	0.55470827703355	0.967819968976312
ENSG00000142192.21	1.576957761019	6	0.954219625295149	0.999999999795678
ENSG00000136754.17	13.8244069839384	9	0.128709942328582	0.479322981414704
ENSG00000075711.21	26.3515723174351	18	0.0919868467313357	0.39084767633697
ENSG00000137812.20		6	1	
ENSG00000148358.19	3.50103262124321	3	0.320628217987698	0.782695863663436
ENSG00000179912.20	19.0006147166801	9	0.0251876687900716	0.173047822780602
ENSG00000125863.20	1.92125653381845	3	0.588909949263033	0.992312716742008
ENSG00000160087.21	3.36859572329558	6	0.761362365724869	0.999999999795678
ENSG00000049130.16	0.113068666579011	3	0.990224289027403	0.999999999795678
ENSG00000115211.16	17.0199080899329	6	0.00921035696245579	0.0878451339936813
ENSG00000085978.22	13.0839083030114	12	0.362971494153087	0.829333471532802
ENSG00000130255.13	4.78640545392409	9	0.852516135820162	0.999999999795678
ENSG00000160789.21	5.41619573679054	6	0.491642890875601	0.934744117337827
ENSG00000109572.14	11.5681166674767	6	0.0723269002623629	0.33912908064024
ENSG00000116698.21	0.143723547062109	3	0.986117673644612	0.999999999795678
ENSG00000121067.19	16.1560372518979	12	0.184193356323193	0.587664517793044
ENSG00000093000.19	1.32303016635342	3	0.723671735837277	0.999999999795678
ENSG00000013561.18	6.57589575166639	6	0.361852624633157	0.827514591791538
ENSG00000131323.16	8.40872690069318	9	0.493537872434761	0.935908593147587
ENSG00000235173.7	7.31149773065226	6	0.292998127782682	0.751509735650739
ENSG00000082805.20		9	1	
ENSG00000177595.18	30.6252337974929	15	0.00985629438154006	0.0919504931543674
ENSG00000003756.17	3.96451876425635	3	0.265321039134837	0.717095503681394
ENSG00000110628.16	4.26632516300379	6	0.640684714375789	0.999999999795678
ENSG00000165671.21	17.8256416874392	6	0.00668302276093948	0.071024558334081
ENSG00000136238.18	12.1240515509271	6	0.0592578989449756	0.302330891596549
ENSG00000108509.21	6.43017804891679	6	0.376763540048963	0.842747928062839
ENSG00000175104.15	1.44128841117936	3	0.695885672188972	0.999999999795678
ENSG00000116604.18	23.072461994203	6	0.000772568860659799	0.0153887364947641
ENSG00000141198.16	9.15164958208334	9	0.42339510530112	0.885340242114052
ENSG00000119139.21	4.86722223464312	6	0.560952365322409	0.971853640598383
ENSG00000183765.22		6	1	
ENSG00000215788.11	1.50079250484947	3	0.68208743270918	0.999999999795678
ENSG00000157450.16	6.76854891199218	9	0.661202423748324	0.999999999795678
ENSG00000165209.19	0.277630751235847	3	0.964179125368546	0.999999999795678
ENSG00000159714.12	2.8016332702199	3	0.423231122266413	0.885340242114052
ENSG00000174371.17	9.20810656339745	9	0.418290280553507	0.880902238199342
ENSG00000100938.18	29.199224304095	9	0.000599749934503744	0.0123942328916443
ENSG00000173267.14	5.27687881477414	3	0.152609745301266	0.5278187735313
ENSG00000085511.20	19.5708580935461	12	0.0756519401963524	0.34669885764377
ENSG00000197381.16		9	1	
ENSG00000153250.20	3.76851871204781	9	0.925976849782537	0.999999999795678
ENSG00000187953.10	3.51161639227212	6	0.742423548944823	0.999999999795678
ENSG00000100241.21	23.2609904002857	9	0.00563602964050549	0.0631270573567534
ENSG00000112294.14	3.26202992061553	3	0.352962432061109	0.817094927675446
ENSG00000166165.13	1.61860302707646	3	0.655179102983277	0.999999999795678
ENSG00000132153.15	7.72073490377807	3	0.0521500088402277	0.278157823170396
ENSG00000184500.16	1.97099482472186	3	0.578448610195897	0.985185479592045
ENSG00000176700.20	2.71392430339961	3	0.437866188919098	0.895956888835721
ENSG00000101126.18	5.55691709870371	9	0.783313204181882	0.999999999795678
ENSG00000011304.21	1.14134439153713	3	0.767103906629082	0.999999999795678
ENSG00000166321.14	13.1183575592386	9	0.157323438677705	0.538834439104416
ENSG00000146833.15	3.14996762037299	6	0.78980266013	0.999999999795678
ENSG00000065183.16	0.7277436742188	3	0.866659761183212	0.999999999795678
ENSG00000110756.18	3.73441221788562	6	0.712565243061617	0.999999999795678
ENSG00000166710.20	8.98309841193259	6	0.174530838003292	0.570073127998666
ENSG00000142208.16	5.39562792138167	6	0.494160143871589	0.935908593147587
ENSG00000168036.18	18.8308824093838	9	0.0266698853145426	0.179877504363558
ENSG00000144744.17	1.42625779605442	3	0.699391465114732	0.999999999795678
ENSG00000213066.13	4.9356423172112	3	0.176570845340803	0.572777860794597
ENSG00000126012.12	3.52753289067186	6	0.740303034351273	0.999999999795678
ENSG00000104356.11	0.0796800532207271	3	0.99415902282082	0.999999999795678
ENSG00000035928.16	2.92756149275374	6	0.817882204341147	0.999999999795678
ENSG00000101019.22	1.38295455667685	3	0.70953509714278	0.999999999795678
ENSG00000171631.15	28.9617169130761	12	0.00399188097520109	0.0514502051922977
ENSG00000136861.18	3.10924697045266	9	0.959805575055355	0.999999999795678
ENSG00000143398.20	3.06888022554631	6	0.800153324779583	0.999999999795678
ENSG00000104728.16	3.227363354109	6	0.779816799936985	0.999999999795678
ENSG00000085274.15	6.17908752078165	6	0.403430715209224	0.869314036265377
ENSG00000135931.18	2.50393907244143	6	0.868026560286289	0.999999999795678
ENSG00000168734.14	6.41491495001537	6	0.37834952456696	0.844515307176306
ENSG00000136152.15	33.2417122419429	9	0.0001212087053947	0.00336520196792752
ENSG00000165264.11	1.96693766477983	6	0.922714069888737	0.999999999795678
ENSG00000143498.18	15.6104715533384	9	0.0754751763783359	0.346286605804691
ENSG00000132780.17	1.69576523064461	3	0.637875691951561	0.999999999795678
ENSG00000144524.18	24.4025664409164	9	0.00370824406171499	0.0486452016315913
ENSG00000149927.18	5.42072086805001	3	0.143458033989123	0.510990457622943
ENSG00000160767.21	0.845085075452516	3	0.838655620638247	0.999999999795678
ENSG00000119711.13	6.25141547891781	6	0.395623843791172	0.863096489269252
ENSG00000122545.20	0.18781660500099	3	0.97953172975172	0.999999999795678
ENSG00000136197.12	9.72446502139428	6	0.136745289027392	0.496237268641482
ENSG00000072518.20	8.04702526138226	9	0.529414244172405	0.954617721865144
ENSG00000134759.14	34.9383059943793	15	0.00250925454065763	0.0371213988341449
ENSG00000106244.13	1.77301191590959	3	0.62082538056206	0.999999999795678
ENSG00000165698.16	0.925500805621596	3	0.819269922030538	0.999999999795678
ENSG00000143612.21	8.60917354928097	9	0.474103925632038	0.922823655485938
ENSG00000102710.20	22.7082082784364	12	0.0303078110795974	0.195159193345747
ENSG00000109911.19	30.6053894138877	9	0.000345878997747778	0.0080115458135464
ENSG00000111716.14	0.0790594657883048	3	0.994226058394657	0.999999999795678
ENSG00000175054.16	3.78814170243459	6	0.705320798854829	0.999999999795678
ENSG00000172273.13	15.2925923530529	15	0.4305538374006	0.89077425629329
ENSG00000113296.14	0.677684656753513	3	0.878439764184509	0.999999999795678
ENSG00000184209.15	3.22648591050893	6	0.779930551949563	0.999999999795678
ENSG00000149485.19	0.424842194464873	3	0.935064195038779	0.999999999795678
ENSG00000127955.17	32.2831372326255	12	0.00125114236437075	0.0217661183432483
ENSG00000136811.16	58.4907560624852	15	4.57498865135584e-07	3.43420675893905e-05
ENSG00000169251.13	15.5319692733174	3	0.0014141182922183	0.0239337306785256
ENSG00000172062.17	2.90940497351767	3	0.405805088757059	0.869626334186508
ENSG00000136699.19	3.47663959214333	6	0.747075058827246	0.999999999795678
ENSG00000122490.19	1.5974880231297	6	0.952757826404715	0.999999999795678
ENSG00000169062.15	13.5692376833977	9	0.138494468851969	0.499977163811009
ENSG00000085063.17	7.49359306052793	9	0.58587026609999	0.991162405524337
ENSG00000091129.21	3.90077395796516	3	0.27238001759875	0.72609611083301
ENSG00000134330.19	13.8228478320889	9	0.128767888360324	0.479322981414704
ENSG00000075407.18	4.86671962302717	9	0.845768379947815	0.999999999795678
ENSG00000055147.19	12.6893427317082	12	0.392019032455579	0.860264113564833
ENSG00000117448.13	3.56993974352372	9	0.937375790236501	0.999999999795678
ENSG00000165119.21	1.8110536003951	3	0.612532507658336	0.999999999795678
ENSG00000127989.14	6.14037897664184	9	0.725790508670898	0.999999999795678
ENSG00000163029.16	12.0179325692825	9	0.212300239973428	0.633929298513658
ENSG00000137497.18	7.73971798314597	9	0.560574293262119	0.971853640598383
ENSG00000128191.16	8.10509788556738	6	0.230504270512211	0.662189270390679
ENSG00000131473.17	15.356765537872	9	0.0815909374496257	0.364038376391918
ENSG00000213024.12	1.06293969824401	3	0.786027266180491	0.999999999795678
ENSG00000106610.15	11.5236519887112	6	0.0734792808620881	0.34255119606035
ENSG00000126215.14	5.93867708563084	3	0.114632134199673	0.449418478669291
ENSG00000078618.22	9.03779809952539	3	0.0287925385592881	0.1891581119126
ENSG00000160200.18	1.15636917493248	3	0.763486655833359	0.999999999795678
ENSG00000143224.18	10.1042098414382	6	0.120331560886049	0.46343371216304
ENSG00000120685.20	11.4717668035055	6	0.074845293172569	0.345738342877503
ENSG00000100243.21	0.266580434836214	3	0.966186163228876	0.999999999795678
ENSG00000186283.14	4.3436308705277	3	0.226669373574414	0.655793478736889
ENSG00000128585.18	64.5386070397563	12	3.31751506228144e-09	5.48879481835013e-07
ENSG00000140526.18		3	1	
ENSG00000177565.18	3.02516715810634	9	0.963288810021931	0.999999999795678
ENSG00000132432.14	0.683928133687004	3	0.876977545132685	0.999999999795678
ENSG00000147604.14	5.18761122133583	6	0.519985753558991	0.950985646027984
ENSG00000012048.23	26.7017062565928	15	0.0312628416900298	0.198782633396919
ENSG00000188283.11	3.80756204333329	3	0.283007762706464	0.739421950780025
ENSG00000143367.16	0.500463184653199	3	0.918789640226649	0.999999999795678
ENSG00000165138.18	19.1570186793797	9	0.0238904111559271	0.166105971904889
ENSG00000164924.18	9.19174983463017	9	0.419765727490585	0.882760247150759
ENSG00000006007.12	11.7900554099542	6	0.0668196755146708	0.324375514609243
ENSG00000178184.16	1.80042617236518	3	0.614842200285787	0.999999999795678
ENSG00000118260.15	25.1016590558684	15	0.0485947118066881	0.265648906686999
ENSG00000029363.17	23.0004413755851	6	0.000796330794410492	0.0157459847567948
ENSG00000108557.19	10.4229377198062	3	0.0152928714282045	0.121242769111213
ENSG00000105983.22	7.74644575954881	9	0.559886588732592	0.971853640598383
ENSG00000157837.16	24.8328413753898	6	0.000366662432347435	0.00832642111776094
ENSG00000101199.13	10.7016699320156	6	0.0980460120763838	0.404920539940521
ENSG00000125740.14		12	1	
ENSG00000164144.16	15.4814605352185	9	0.0785319573984328	0.356010241674117
ENSG00000056998.20	4.39081069304302	6	0.623946032667843	0.999999999795678
ENSG00000125826.21	8.26540115272655	6	0.219297037613357	0.642748041913046
ENSG00000131584.19	1.60598198560547	6	0.95214637905633	0.999999999795678
ENSG00000100814.18	3.21011418092894	3	0.360350273719607	0.826877913683796
ENSG00000166913.13	19.650201617158	6	0.00319548837364039	0.0441676730899952
ENSG00000107175.12	0.422868927882519	3	0.935478829639439	0.999999999795678
ENSG00000119599.17	13.0427883917719	12	0.365938326196282	0.831463567957752
ENSG00000072571.20	1.51484823201463	3	0.678847630707087	0.999999999795678
ENSG00000095485.18	1.57412272553484	3	0.665271446593038	0.999999999795678
ENSG00000146828.18	5.17094360013471	3	0.159699314962671	0.543741968325245
ENSG00000162430.17	12.5124257102816	3	0.00581892569414633	0.064296032920043
ENSG00000198168.9	14.0398801312549	6	0.0291938393867837	0.190091982602052
ENSG00000125875.14	22.8696861468197	6	0.000841319625573578	0.0162008983480404
ENSG00000172269.19	1.5183199256935	3	0.678048601561105	0.999999999795678
ENSG00000114982.19	0.625635030693957	3	0.890539552837286	0.999999999795678
ENSG00000168394.11	3.42257222836633	3	0.330943955271243	0.792794475177161
ENSG00000163104.18	10.4242830538296	6	0.107884463605567	0.430422906717683
ENSG00000145833.16	7.38766257031239	6	0.286478540218602	0.743595314857849
ENSG00000170456.16	9.00356107769312	6	0.173377897442614	0.568138486082164
ENSG00000185596.16	4.34074611964024	6	0.630668249220553	0.999999999795678
ENSG00000196154.12	1.27036516973749	3	0.736181896881304	0.999999999795678
ENSG00000196504.19	24.0513134927533	9	0.00422091818325228	0.0529544763206351
ENSG00000119720.18	14.1118126933225	12	0.293625200783373	0.752344975584957
ENSG00000198612.11	0.630009996202716	3	0.889529200602505	0.999999999795678
ENSG00000132781.19	37.7912567540152	15	0.000968626611050495	0.0180520826110031
ENSG00000138347.16	6.62145492464697	3	0.0849937373779591	0.373097161798385
ENSG00000143437.21	2.62605431843713	3	0.452940186121635	0.906887154578438
ENSG00000113108.19	68.8223693570544	18	7.14277083392189e-08	7.14894359884009e-06
ENSG00000023191.17	7.18111533175397	12	0.84541616382984	0.999999999795678
ENSG00000170291.15	12.0701092447416	6	0.0604229050656893	0.306256400567156
ENSG00000197548.12	3.48723964106648	6	0.745666624982311	0.999999999795678
ENSG00000100058.12	1.07489874460589	3	0.783136818790042	0.999999999795678
ENSG00000196628.20	23.4374734241574	12	0.0242333553373402	0.167484920477253
ENSG00000163159.14	9.34136014121759	3	0.0250803097153547	0.172456379018135
ENSG00000105875.14	21.4629948644451	6	0.00151422685747761	0.0252589241431503
ENSG00000102317.18	30.6769609855546	9	0.000336265153558897	0.00787890635809819
ENSG00000107104.20	4.58841989571783	6	0.597574835528781	0.998115578458708
ENSG00000197713.15	8.25248015734178	12	0.765101737762868	0.999999999795678
ENSG00000197971.16	8.15579476783387	3	0.0428992734779546	0.248254328061646
ENSG00000197043.14	9.98374869665713	6	0.125338067525367	0.473272339742966
ENSG00000185485.14	14.2978847783816	12	0.282091795360783	0.738799673896157
ENSG00000135525.18	7.70712516969797	6	0.260354795921459	0.710911529314674
ENSG00000112282.18	15.1015944462984	6	0.0194810871507819	0.144830623121306
ENSG00000162194.12	7.08403438843834	9	0.628370496702242	0.999999999795678
ENSG00000119574.13	2.59566012436608	3	0.458250891169563	0.91166625146298
ENSG00000162971.11	10.1016684486926	9	0.342317484539458	0.805797865029439
ENSG00000197857.14	6.60723072879182	6	0.358700913954995	0.824961222534225
ENSG00000122566.21	1.24956748820841	3	0.741142150300229	0.999999999795678
ENSG00000104081.14	3.11311157152522	6	0.794522148099145	0.999999999795678
ENSG00000129007.14	10.8541523118629	6	0.092989982988283	0.393254917994507
ENSG00000164048.14	3.33235637068083	3	0.343164570354599	0.806250607903081
ENSG00000134602.16	0.709328440221725	3	0.871007643300669	0.999999999795678
ENSG00000182670.13	6.57753182898887	9	0.681010500168632	0.999999999795678
ENSG00000118495.20	21.0412461847809	12	0.0497797174540653	0.269222261107476
ENSG00000143149.12	4.08156725805384	3	0.252789977151699	0.701412579617191
ENSG00000197601.13	0.41355284432575	3	0.937428782163374	0.999999999795678
ENSG00000154727.10	6.49671857312205	3	0.0897920052199393	0.384951764314145
ENSG00000004455.17	1.13634138164343	3	0.768309155048579	0.999999999795678
ENSG00000243477.6	18.697670914944	9	0.0278898333166139	0.185178442831932
ENSG00000079974.17	7.41181973680523	9	0.594324793092444	0.995586581891105
ENSG00000105518.14	1.07411849743221	3	0.783325366227782	0.999999999795678
ENSG00000165915.14	4.411029355957	6	0.621235397850087	0.999999999795678
ENSG00000129055.12	0.881570990924956	3	0.829872720925786	0.999999999795678
ENSG00000198431.16	3.0185946773272	6	0.806509409011694	0.999999999795678
ENSG00000197586.13	9.07731091400819	12	0.696313248904229	0.999999999795678
ENSG00000173848.19	4.77666230207433	3	0.188900788321092	0.595882759112486
ENSG00000135951.16	5.91587059327321	3	0.115775819104965	0.452228310826695
ENSG00000133961.20	25.2004767229446	12	0.0139009307189372	0.113603674736314
ENSG00000140398.14	22.9639747574884	15	0.084907745698375	0.373097161798385
ENSG00000197386.12	2.25185234777837	3	0.521807414677223	0.950985646027984
ENSG00000168301.13	0.274933618933574	3	0.964671725140686	0.999999999795678
ENSG00000213533.13	22.6658754743885	12	0.0307002561255759	0.196904253488959
ENSG00000197858.11	1.52680301533837	3	0.6760981674893	0.999999999795678
ENSG00000197299.12		15	1	
ENSG00000198399.14		12	1	
ENSG00000170949.17	11.3355100671283	6	0.0785443115519887	0.356010241674117
ENSG00000132549.18	0.604249968653448	3	0.895458754606351	0.999999999795678
ENSG00000112319.19	12.2836490532281	9	0.197786759650357	0.610143554218206
ENSG00000183092.16	1.94958294955666	3	0.582936610755566	0.988468333694913
ENSG00000133104.14	4.45464426626131	6	0.615396958358612	0.999999999795678
ENSG00000198663.17	34.8191270184234	6	4.67153033523353e-06	0.000247530042011361
ENSG00000197021.9	3.93085000534484	6	0.686033909958037	0.999999999795678
ENSG00000047249.18	3.53844114188178	6	0.73884844463599	0.999999999795678
ENSG00000188610.12	3.94206027703694	3	0.267788924286645	0.720293566420648
ENSG00000197226.12	13.7970761871111	3	0.00319479170957677	0.0441676730899952
ENSG00000135316.18	6.89970181399258	3	0.0751642630644851	0.345832395382395
ENSG00000185009.12	1.51347977188379	3	0.679162718901535	0.999999999795678
ENSG00000196776.16	11.0704900198616	6	0.0862221319544997	0.375606031034459
ENSG00000198160.14	1.96463256412153	3	0.579779702413735	0.986209409875818
ENSG00000103528.17	5.23459974251773	6	0.51409525652034	0.947675515712402
ENSG00000106868.17	6.12577812641894	3	0.105648645090494	0.42484799888325
ENSG00000161091.13	13.3000865778158	6	0.0385104768034893	0.229056812506154
ENSG00000115380.20	3.80408448231174	9	0.923827437180113	0.999999999795678
ENSG00000198223.16		6	1	
ENSG00000198223.16_PAR_Y		9	1	
ENSG00000198270.13	9.33560687856152	12	0.674029237522534	0.999999999795678
ENSG00000050555.18	0.601996124707512	3	0.895975254514424	0.999999999795678
ENSG00000243943.10	5.21757260421509	6	0.516226064470851	0.949851272052926
ENSG00000141696.13	1.00822395108116	3	0.79926201266935	0.999999999795678
ENSG00000198055.11	3.30805944713575	6	0.769306265343506	0.999999999795678
ENSG00000111785.21	9.24652890992729	9	0.414835809811669	0.877656208544699
ENSG00000011332.19	18.3974139711479	6	0.00531212109631728	0.0609128228116608
ENSG00000141556.21	11.69420194333	6	0.0691489803324337	0.330927263019504
ENSG00000223959.8	27.106542821195	12	0.0074588233143414	0.0768344099229552
ENSG00000196367.14	31.5306376379012	12	0.00163417089550954	0.0268713435544945
ENSG00000176444.19	44.4097429482936	15	9.48419755272258e-05	0.00273624162134954
ENSG00000196923.14	0.231543065237929	3	0.972343363977324	0.999999999795678
ENSG00000078269.15	6.30536542078198	3	0.09766268519113	0.404459953349968
ENSG00000005812.11	2.11466886915514	6	0.908856052368862	0.999999999795678
ENSG00000186591.13	11.8063715126409	3	0.00807675698935221	0.0803414342486851
ENSG00000107560.12	2.63283948284152	3	0.4517614257597	0.905869373889163
ENSG00000163946.13	10.1606326447363	12	0.601870766621923	0.999999999795678
ENSG00000196588.19	20.7971482417452	9	0.0135822080144295	0.112230551780753
ENSG00000101966.13		6	1	
ENSG00000079805.17	6.01681695502339	9	0.738234003838704	0.999999999795678
ENSG00000166987.15	0.0414218903651999	3	0.997785512259146	0.999999999795678
ENSG00000171490.13	1.16570921090897	9	0.998950934855064	0.999999999795678
ENSG00000187239.17	5.84990897631906	6	0.440211853744555	0.898449666632107
ENSG00000196792.12	7.26007520789563	6	0.297463919606864	0.758823158040542
ENSG00000181924.7	1.50669853921863	3	0.680725176185906	0.999999999795678
ENSG00000183605.17	8.47855928353965	9	0.486728381019013	0.930199666412337
ENSG00000134882.16	1.01575562399375	3	0.797439635397004	0.999999999795678
ENSG00000197136.4	2.14291378000962	3	0.543279916081071	0.962778473918945
ENSG00000198242.14	9.67562859668396	3	0.0215345320821127	0.15449597485813
ENSG00000128609.15	3.18247283557139	3	0.364338017148748	0.829735973621928
ENSG00000122299.12	1.71235463798439	3	0.63419057893547	0.999999999795678
ENSG00000185246.18	52.4441492815531	12	5.1713617298189e-07	3.74323478068231e-05
ENSG00000197969.14	12.0650656678918	12	0.440468383739912	0.898546550616539
ENSG00000119899.13	2.98546977631941	3	0.3938708805958	0.86207106614205
ENSG00000119684.16	17.916313597485	18	0.461178357978936	0.912398296563912
ENSG00000040341.18	11.2909236749183	12	0.504164748503425	0.942634597813022
ENSG00000172731.14	5.66822752462122	6	0.461361698609809	0.912398296563912
ENSG00000182534.13	0.0406308973615523	6	0.999998623696532	0.999999999795678
ENSG00000188243.12	3.39762960305961	9	0.946426837700232	0.999999999795678
ENSG00000131828.14	2.4877161757322	9	0.981212018902292	0.999999999795678
ENSG00000197530.12	29.7353570150481	18	0.0401002104249477	0.23677524101606
ENSG00000225830.14	4.33757625717681	9	0.887823565697728	0.999999999795678
ENSG00000197451.12	2.22639452299336	3	0.526768202231814	0.953930079318061
ENSG00000196295.12	23.0613589794884	9	0.00605997471238415	0.0662105323359816
ENSG00000197223.11	7.19351271858977	3	0.0659790666630156	0.322807660493101
ENSG00000186153.17	20.6298638716471	12	0.0560704066037187	0.291947839650833
ENSG00000197321.15	5.98377179099771	6	0.425010435973419	0.886061615426583
ENSG00000178053.19	6.03733565458788	9	0.736175838127356	0.999999999795678
ENSG00000159199.14	0.329675790504552	3	0.954353973261415	0.999999999795678
ENSG00000164209.17	12.4390235713981	9	0.189675094736147	0.59786002839267
ENSG00000196262.14	5.12502966821194	6	0.527880186765708	0.954552444230318
ENSG00000204681.11	12.052229359555	9	0.210380857201015	0.629895230435583
ENSG00000198373.12	1.44928876188897	6	0.962791683594363	0.999999999795678
ENSG00000204977.10	3.15099085455131	3	0.368926106691027	0.834044603163456
ENSG00000066933.16	0.244785829012471	3	0.970054655109541	0.999999999795678
ENSG00000050130.18	4.87842832955357	6	0.55949765924065	0.971481585663729
ENSG00000019144.19	3.82031338844172	9	0.922835884792495	0.999999999795678
ENSG00000119004.16	2.08071297900551	3	0.555824502978186	0.968422360980905
ENSG00000196878.15		9	1	
ENSG00000020129.16	2.97725516534229	3	0.39514529270233	0.863096489269252
ENSG00000215440.12	1.33114928575378	3	0.721749994444975	0.999999999795678
ENSG00000197170.10	9.3557307219744	9	0.405105974789807	0.869314036265377
ENSG00000198382.9	5.551478499121	6	0.475256794369747	0.923357685668145
ENSG00000035115.22	39.9818220338939	18	0.00209918600753263	0.0327271172366673
ENSG00000243716.10	52.8979513852573	18	2.72074983498065e-05	0.00102591250754363
ENSG00000196712.18	33.8095809165243	9	9.6452633072457e-05	0.00277284218552627
ENSG00000077235.18	17.8851584389013	12	0.119222260164011	0.461573478103935
ENSG00000164649.20	0.74045229528565	6	0.993576100145039	0.999999999795678
ENSG00000008128.23	12.7024531666393	9	0.176538561624933	0.572777860794597
ENSG00000197217.13	4.24478062404614	6	0.643589049441154	0.999999999795678
ENSG00000196498.13	20.9083962247641	9	0.0130634233138541	0.110408663708527
ENSG00000140326.13	0.715838943739072	3	0.869472297249163	0.999999999795678
ENSG00000127914.17	3.02455574013766	6	0.805758575430198	0.999999999795678
ENSG00000100401.20	0.766848168314027	3	0.857378952749039	0.999999999795678
ENSG00000145907.15	7.0245685786067	6	0.318581089047092	0.77987443874025
ENSG00000153956.16	4.24778390247548	3	0.235921141718223	0.672035381556442
ENSG00000198301.12	0.0137832978762162	3	0.999571398759199	0.999999999795678
ENSG00000008838.20	3.48945453002307	3	0.322132410653133	0.783698863973725
ENSG00000146918.20	9.25526349207939	6	0.159722972970584	0.543741968325245
ENSG00000087266.17	49.0368544242283	15	1.72803873982706e-05	0.000718421028911691
ENSG00000197535.14	26.0169613184617	12	0.0106747332599336	0.0973382204080398
ENSG00000196911.11	1.6066003231108	3	0.657894168426855	0.999999999795678
ENSG00000151461.20	6.23841777438702	3	0.100569611282387	0.411172717746113
ENSG00000119682.17	10.9976124962805	3	0.0117387927220573	0.103235224538157
ENSG00000073921.18	7.56099405653004	12	0.818428175587032	0.999999999795678
ENSG00000091127.14	0.254629352948541	3	0.968322674114002	0.999999999795678
ENSG00000186470.14	10.8967664298943	9	0.282851533167491	0.739421950780025
ENSG00000160991.16	14.4692328334186	9	0.106585397589653	0.427343134648525
ENSG00000198003.12	2.17419318837756	3	0.53704937958323	0.960356303554987
ENSG00000160285.15	3.03753263773251	3	0.385874504571785	0.852366022387829
ENSG00000177479.19	0.813070753632928	6	0.991718615146997	0.999999999795678
ENSG00000110697.13	0.967463819024488	6	0.986815669017094	0.999999999795678
ENSG00000087008.16	4.14165648813923	9	0.901843932191355	0.999999999795678
ENSG00000116473.14	2.10255003936254	3	0.551397045303044	0.966210808531499
ENSG00000198363.18	3.1571066971519	6	0.788885730697423	0.999999999795678
ENSG00000214595.12	2.12984283799369	6	0.90737785764595	0.999999999795678
ENSG00000105220.17	25.3328043914516	12	0.0133222059043329	0.111343426047862
ENSG00000165283.16	1.12874565343373	3	0.77013968916764	0.999999999795678
ENSG00000153531.13	0.114037110427489	3	0.990101283250666	0.999999999795678
ENSG00000105223.20	9.62787951590144	6	0.141222999026658	0.505919068983259
ENSG00000147419.19	13.4003839089528	9	0.145310302437006	0.513550980159546
ENSG00000198162.12	13.1986287580557	3	0.00422616827179609	0.0529544763206351
ENSG00000196914.9	2.5587911116545	6	0.861830851287489	0.999999999795678
ENSG00000111676.15	0.283869935676194	3	0.963033004123231	0.999999999795678
ENSG00000160752.15	0.451570306788199	6	0.998378890714399	0.999999999795678
ENSG00000198468.9	2.56564712428553	3	0.463543902510433	0.914788319778986
ENSG00000186522.15	8.16424086157895	6	0.226315908923754	0.655499490405458
ENSG00000116497.18	11.5909161928248	9	0.23736581503365	0.674491644752121
ENSG00000163605.15	3.60435496339596	3	0.307477701179136	0.77064063696051
ENSG00000138821.13	1.80572620839121	3	0.613689642115225	0.999999999795678
ENSG00000196455.8	13.3745396617633	6	0.0374591207474709	0.225115709340064
ENSG00000196531.13	3.10232097515836	9	0.960099603888273	0.999999999795678
ENSG00000122644.13	19.0972269541817	12	0.0862089409790574	0.375606031034459
ENSG00000196422.11	36.5224653685054	6	2.18149698973223e-06	0.0001300396771747
ENSG00000144674.16	3.934026013123	6	0.685604208074362	0.999999999795678
ENSG00000187736.13	11.912724930422	15	0.685622758386381	0.999999999795678
ENSG00000105576.15	1.11490292171129	3	0.773477731736857	0.999999999795678
ENSG00000132635.17	0.519139887048368	3	0.914666784362559	0.999999999795678
ENSG00000185963.14	6.23074011527206	3	0.100908237838422	0.412122460532033
ENSG00000132436.11	9.87401714239968	9	0.360780278546595	0.827237188081485
ENSG00000133641.18	9.60549664563587	9	0.38335554806485	0.849839602997468
ENSG00000198496.12	1.00351763866888	3	0.800400792200032	0.999999999795678
ENSG00000174405.13	0.461703424412917	3	0.927220746013422	0.999999999795678
ENSG00000119688.21	7.31183752622746	9	0.604687688527011	0.999999999795678
ENSG00000099246.17	2.63818852675468	6	0.852692916953308	0.999999999795678
ENSG00000197081.15	4.50466527111348	6	0.608717019853133	0.999999999795678
ENSG00000100151.16	4.42862224725832	6	0.618878862258952	0.999999999795678
ENSG00000198668.13	4.91344461217523	9	0.841787264929588	0.999999999795678
ENSG00000198081.11	9.06780319691097	9	0.431039061073957	0.890895266702074
ENSG00000111642.16	13.1617366287392	9	0.155423382590806	0.534358508339129
ENSG00000173209.23	28.3202998330307	6	8.17687875125349e-05	0.00243010752794176
ENSG00000164751.15	19.6336991301941	12	0.07434023104388	0.343797063931965
ENSG00000167578.18	0.563812846203291	3	0.904664267064826	0.999999999795678
ENSG00000172081.14	3.69960563816221	3	0.295781619806612	0.755720640331611
ENSG00000198589.14	12.290852625265	9	0.19740462395381	0.609428517286192
ENSG00000122126.17	7.74710098114701	3	0.0515379985787241	0.275787824737766
ENSG00000196236.13	2.09710483018466	3	0.552498697940384	0.966732041937935
ENSG00000156026.14	9.41919003065414	3	0.0242067659641632	0.167443900743576
ENSG00000188706.13	2.16734165832168	3	0.538409658903408	0.960356303554987
ENSG00000134255.14	3.47055673409886	3	0.324600939042432	0.786708464220327
ENSG00000100038.20	9.02573843177561	9	0.434901703557327	0.894859926583565
ENSG00000164520.11	1.33103835735642	3	0.72177623746352	0.999999999795678
ENSG00000088543.15	7.0640794703877	6	0.314961825969206	0.777052806796212
ENSG00000116560.11	0.653717000561301	3	0.884032303023632	0.999999999795678
ENSG00000197622.13	8.26795006858447	6	0.219122531151894	0.642468846310452
ENSG00000167377.18	10.8369528301446	6	0.0935482183838859	0.394257759324884
ENSG00000197852.12	2.81690259826019	3	0.420725001694788	0.883565591266992
ENSG00000244274.8	0.57768698673317	3	0.901520882910453	0.999999999795678
ENSG00000138375.13	2.25888854390178	3	0.520442487577867	0.950985646027984
ENSG00000198380.13	11.8575180894622	3	0.00788752685999676	0.0794337642906754
ENSG00000135250.17	1.97370925952418	3	0.577881338800909	0.985185479592045
ENSG00000143321.19	4.17435308278073	3	0.243242204345742	0.684611241347889
ENSG00000198105.15	12.6211445842746	9	0.180511572652111	0.578701055153709
ENSG00000005810.18	19.1123144482754	12	0.0858537867654153	0.37499992746672
ENSG00000159082.18	0.205203567440776	3	0.976744924647645	0.999999999795678
ENSG00000141425.18	5.46996014509932	6	0.485094840299323	0.928762861070039
ENSG00000013364.19	2.1195374870822	3	0.547970320214095	0.96506505394748
ENSG00000183625.15	18.6522245005353	9	0.0283178080977771	0.187196380587648
ENSG00000077254.14	9.87395795881639	9	0.360785159862138	0.827237188081485
ENSG00000146540.15	0.386777087056544	3	0.942960288489125	0.999999999795678
ENSG00000123983.14	11.9632509831863	9	0.215388978433383	0.638086441960513
ENSG00000135837.16		12	1	
ENSG00000155363.18	9.83147864145576	9	0.364299578060806	0.829735973621928
ENSG00000215271.9	15.9781798747863	12	0.1922375094116	0.602423459141803
ENSG00000121274.13	5.24032283919587	6	0.513380015443722	0.947675515712402
ENSG00000082641.16	5.78108887941926	9	0.761612178878599	0.999999999795678
ENSG00000242498.8	4.20553752326123	6	0.648883790482232	0.999999999795678
ENSG00000112200.17	2.28861260767098	6	0.89133472693183	0.999999999795678
ENSG00000198218.11	75.4737880283319	9	1.27398743259455e-12	3.68864861287286e-10
ENSG00000185252.19	2.64498614568129	6	0.851901595038054	0.999999999795678
ENSG00000133114.18	8.52909838990217	6	0.201844014141092	0.616559692027819
ENSG00000196074.13	6.05025282567249	6	0.417584353056023	0.880324264510138
ENSG00000152359.15	1.49246379842953	3	0.684010770899584	0.999999999795678
ENSG00000177548.13	12.7920965983121	6	0.0464588708044775	0.258064525873078
ENSG00000142733.17	11.0133073532943	12	0.527778588032583	0.954552444230318
ENSG00000196810.5	3.05690727609453	9	0.961995944481317	0.999999999795678
ENSG00000136147.18	3.17190083619266	3	0.365873239744571	0.831463567957752
ENSG00000166822.13	14.892763340109	12	0.247353400946273	0.691480697059116
ENSG00000128513.16	28.2381604717402	12	0.00510484760607662	0.0593758960437061
ENSG00000178761.15	10.6499826711261	15	0.776988948277532	0.999999999795678
ENSG00000197563.11	44.3748261221554	18	0.000509835332773093	0.0109634881771657
ENSG00000162695.12	0.314635242261829	3	0.957252892691488	0.999999999795678
ENSG00000198198.17	8.76368121866744	9	0.459368412056308	0.912106879388296
ENSG00000153317.15	14.461199369036	12	0.272231028754896	0.72609611083301
ENSG00000085433.15	0.532194059925132	3	0.911763679745816	0.999999999795678
ENSG00000196372.13	4.21016220941237	3	0.239646422796145	0.677931083961579
ENSG00000152457.18	1.75078513580229	3	0.625702738618495	0.999999999795678
ENSG00000146592.17		3	1	
ENSG00000197063.11	0.834272858119221	3	0.841253063591257	0.999999999795678
ENSG00000147533.17	4.638349329427	9	0.864626814222445	0.999999999795678
ENSG00000188419.14	3.53628864933671	6	0.739135557304867	0.999999999795678
ENSG00000068001.14	6.24323902447213	3	0.100357525162616	0.41070088667003
ENSG00000116793.16	4.47700912908476	12	0.973212791781011	0.999999999795678
ENSG00000163535.18	6.30954144514453	3	0.0974840553313216	0.404381366810847
ENSG00000182841.12	15.628707423155	3	0.00135107984221807	0.0231568800863888
ENSG00000109065.12	10.9632868589579	12	0.532067612703882	0.956848299953498
ENSG00000198089.16	8.70746570665142	15	0.892309677849003	0.999999999795678
ENSG00000138757.14	0.64269166822487	3	0.886593243486334	0.999999999795678
ENSG00000117632.23	1.32959721185034	3	0.722117211059379	0.999999999795678
ENSG00000160392.13	8.71586717404989	6	0.19019929542153	0.59881385941062
ENSG00000196323.14	23.9179401070505	12	0.0208700779146548	0.150931063027749
ENSG00000114738.11	8.74727426868776	6	0.188297968125247	0.594907103504046
ENSG00000162599.17	5.95949031652754	6	0.427743296661185	0.888692138095284
ENSG00000176915.15	6.44794235864538	6	0.374923407543183	0.84173471751664
ENSG00000128891.15	15.1772068223909	6	0.0189223284625362	0.14190871123569
ENSG00000164022.17	13.0314031720918	9	0.161190443237011	0.546766076703955
ENSG00000116922.14	14.0829241040774	9	0.119405881958724	0.461623025769851
ENSG00000197045.13	0.743336230158093	3	0.862966533220588	0.999999999795678
ENSG00000197837.3	10.512052295948	3	0.014679361965444	0.117710768994911
ENSG00000170364.12	16.0348410757651	12	0.189645484352812	0.59786002839267
ENSG00000181894.15	2.75244900113808	3	0.431387592702416	0.890895266702074
ENSG00000100296.13	5.752006406281	9	0.764459040461131	0.999999999795678
ENSG00000198157.11		6	1	
ENSG00000196151.11	10.8806581926715	3	0.0123890193639787	0.106868243767205
ENSG00000113761.12	21.2928414529561	9	0.0114117477062717	0.101219954764491
ENSG00000197006.14	1.6407908397232	6	0.949600165735384	0.999999999795678
ENSG00000161547.17	18.1076265065349	9	0.0339452153538523	0.210392859995169
ENSG00000178075.20		3	1	
ENSG00000197694.18	12.9613163032773	6	0.0436543764423781	0.249757254635398
ENSG00000196411.10	4.95140896794328	3	0.175389993045041	0.571497859170479
ENSG00000161267.12	30.5170971790976	18	0.0327124488736486	0.205104271476156
ENSG00000135269.18	9.0727480288333	9	0.430586206605315	0.89077425629329
ENSG00000197122.12	1.14591360891745	3	0.766003486715973	0.999999999795678
ENSG00000137038.8	0.54763825237751	3	0.908307546253612	0.999999999795678
ENSG00000149115.14	22.5259848034693	6	0.000971820093926859	0.0180700584895987
ENSG00000196227.11	2.29651803665502	3	0.513188286902684	0.947675515712402
ENSG00000213390.11	3.2555979244371	3	0.35387055203435	0.818262568551763
ENSG00000138119.17	7.70059621192559	6	0.260869157645828	0.711100412813883
ENSG00000120314.18	50.7247202609688	9	7.86861527074183e-08	7.50480752940048e-06
ENSG00000196313.11	2.87856369549991	6	0.823926818469874	0.999999999795678
ENSG00000148343.18	1.38711624842836	6	0.966637464859353	0.999999999795678
ENSG00000113621.15	25.6348300895697	9	0.00234362338527578	0.035250008876495
ENSG00000197448.14	3.51517695360235	3	0.318799048968199	0.77987443874025
ENSG00000197905.9	5.16969535910539	6	0.522240100591683	0.950985646027984
ENSG00000138346.15	0.256780912331124	3	0.967940723688316	0.999999999795678
ENSG00000197077.13	3.60920532450405	3	0.306872302239353	0.769831912189925
ENSG00000114098.18	11.5471700797607	9	0.240057448543381	0.678572432127332
ENSG00000170089.15	12.1934540585353	3	0.00674901181773441	0.0712101897346475
ENSG00000196526.10	10.2268691303307	6	0.115417480700734	0.451497325700747
ENSG00000197323.12	0.9580653013968	3	0.811397407555596	0.999999999795678
ENSG00000197013.10	2.72791518681527	3	0.435504226577187	0.894963347404929
ENSG00000205220.12	0.94443616719218	3	0.814693220148408	0.999999999795678
ENSG00000197555.9	20.3728037565052	9	0.0157460355972048	0.123562684334704
ENSG00000008441.17	2.49967367601812	6	0.868504184548618	0.999999999795678
ENSG00000198498.10	1.64143915981185	3	0.650030691738661	0.999999999795678
ENSG00000135596.18	2.61579297080152	6	0.85529016332622	0.999999999795678
ENSG00000108946.15	8.14168116824294	6	0.227906107172263	0.658225998228352
ENSG00000006015.17	9.57862635342462	9	0.385661206916869	0.852294969851842
ENSG00000109381.20	7.40563935321188	9	0.594964607578425	0.995948394308959
ENSG00000181135.16	16.02793307311	12	0.189960023944478	0.598525423287169
ENSG00000196141.14	6.39110175766473	12	0.895098367779428	0.999999999795678
ENSG00000198015.13	12.949319315012	15	0.606212609505194	0.999999999795678
ENSG00000198265.12	8.5326827259446	3	0.0361947724134702	0.220128297041262
ENSG00000198561.15	3.60122629549005	12	0.989605995041837	0.999999999795678
ENSG00000179456.10	1.12091678127535	3	0.77202723939632	0.999999999795678
ENSG00000167491.17	20.9646447413033	15	0.137962741435695	0.498868842470643
ENSG00000198604.11	1.46005096739464	3	0.691520754481345	0.999999999795678
ENSG00000214046.8	4.12963589434366	6	0.659138148701713	0.999999999795678
ENSG00000145734.19	0.415546797784373	3	0.937012493172623	0.999999999795678
ENSG00000126804.13	0.703018834852628	3	0.872493659916134	0.999999999795678
ENSG00000164930.12	0.910511329529982	6	0.988778291010811	0.999999999795678
ENSG00000196177.13	13.1713956564745	3	0.00428023887868149	0.0534473771678157
ENSG00000077458.13	45.4497389994394	18	0.000356724379370727	0.00817231862057198
ENSG00000115364.14	4.26390554526006	3	0.234341102504245	0.668944830282365
ENSG00000124243.17	17.9903025913354	9	0.035286213388286	0.215898363727423
ENSG00000172469.16	3.58956200287594	3	0.30933065087483	0.772802337948305
ENSG00000009413.16	0.700310884637474	3	0.873130823414246	0.999999999795678
ENSG00000198000.12	0.622403627703534	6	0.996015145584681	0.999999999795678
ENSG00000171204.13	2.79573864676786	6	0.834012412719266	0.999999999795678
ENSG00000197712.12	7.24681976709144	6	0.298623489855937	0.759629944230337
ENSG00000167264.18	1.72472206115162	3	0.631451574774033	0.999999999795678
ENSG00000038358.15	17.1703495893162	6	0.00867715757729212	0.0845317746470877
ENSG00000198060.10	0.489455675193312	3	0.921201771590893	0.999999999795678
ENSG00000109618.12	1.69623852393033	3	0.637770381507323	0.999999999795678
ENSG00000196655.12	13.5089492614497	9	0.140896308576008	0.505642485004734
ENSG00000251474.6	9.98860291972778	6	0.125132796492342	0.473272339742966
ENSG00000198546.15	26.5519330386451	3	7.30849639543971e-06	0.000352678454034701
ENSG00000172572.7	1.27889805156974	3	0.734149937548391	0.999999999795678
ENSG00000174365.20	37.4327883974547	15	0.00109368354812271	0.0198800280821319
ENSG00000164023.14	0.244391416645613	3	0.970123515099352	0.999999999795678
ENSG00000108984.15	3.33290236072753	12	0.992702402308262	0.999999999795678
ENSG00000273899.5	17.8404473080627	3	0.000474464366171025	0.0103122858352507
ENSG00000142892.15	8.91341912865028	6	0.178506189919905	0.575679026564556
ENSG00000144366.16	0.613430594433339	3	0.893350980073906	0.999999999795678
ENSG00000175265.17	10.939753777333	6	0.0902563567546158	0.386023056137423
ENSG00000196235.14	49.5107629850281	6	5.89161846955101e-09	8.68424562411819e-07
ENSG00000278224.7	4.52144489708144	3	0.210385409184589	0.629895230435583
ENSG00000025039.15	0.914849406613257	3	0.821842907098191	0.999999999795678
ENSG00000148690.12	6.4671597550232	3	0.0909666783632941	0.38875427595742
ENSG00000067334.14	5.77750414422917	6	0.448570195766151	0.903268399671183
ENSG00000183853.18	0.394901825944544	3	0.941293633201213	0.999999999795678
ENSG00000121578.13	4.15177826445142	6	0.656145133032225	0.999999999795678
ENSG00000197119.13	53.421214469734	9	2.43167481945767e-08	2.80246897746431e-06
ENSG00000002919.15	14.8761612736043	9	0.0943942655907097	0.396710373843382
ENSG00000197724.11	2.41405186735983	3	0.491024232401291	0.934444472318606
ENSG00000074582.15	8.4166039247466	9	0.492767743456349	0.935785452377751
ENSG00000047230.15	0.841239866026626	3	0.839579669864911	0.999999999795678
ENSG00000197111.16	6.5442490070709	9	0.684451065370098	0.999999999795678
ENSG00000197620.11	0.558065411689313	3	0.905961550052415	0.999999999795678
ENSG00000117791.16	13.2844751528173	9	0.150150871462284	0.523108343336803
ENSG00000178826.11	21.682170050226	12	0.0412402038442726	0.241745721305508
ENSG00000196576.15	5.03838492291106	6	0.538899482479187	0.960356303554987
ENSG00000188343.13	22.9288390086222	15	0.0856624707216239	0.374576941823196
ENSG00000126883.17	21.9904707936366	9	0.00890922729839326	0.0859846496524692
ENSG00000105393.16	0.322726255835732	3	0.955699126075266	0.999999999795678
ENSG00000168675.18	22.1602059054167	12	0.0357630262284882	0.218157150966406
ENSG00000174851.16	1.50510913420294	3	0.681091647843738	0.999999999795678
ENSG00000196693.15	13.621330478747	3	0.0034686360794827	0.0468670544939438
ENSG00000169359.16	0.408544253401487	3	0.938471851116979	0.999999999795678
ENSG00000160785.13	1.0546092360637	3	0.788041316788929	0.999999999795678
ENSG00000175224.16	5.19685992147242	6	0.518823797327436	0.950985646027984
ENSG00000196663.16		3	1	
ENSG00000197965.12	8.57046847791207	9	0.477829352591232	0.925851472623595
ENSG00000179526.17	10.0390508803466	9	0.347333083282369	0.810310591703646
ENSG00000160299.17	8.91012950006916	9	0.445611120551533	0.901774786239736
ENSG00000197324.9	0.106591352767282	3	0.99103487153394	0.999999999795678
ENSG00000221838.10	45.4266674402825	12	8.70691580553967e-06	0.000410389339741338
ENSG00000196950.14	15.4594104247481	3	0.00146330868068875	0.0244598834522551
ENSG00000244462.8	15.8461900393049	9	0.0701638477656224	0.333813564457688
ENSG00000163435.16	4.98961513440372	9	0.83521259330588	0.999999999795678
ENSG00000156502.14	2.8990641153905	3	0.407450733413433	0.871557545061399
ENSG00000111181.12	2.54280853996272	3	0.467604273219782	0.918330388321893
ENSG00000198130.16	0.353183679648282	3	0.949734417136186	0.999999999795678
ENSG00000196459.14	20.047110713951	12	0.0662000181164733	0.323303341488102
ENSG00000196290.16	12.1293223006687	9	0.206116549326258	0.623013757103536
ENSG00000146373.16	14.4691407465593	6	0.0248128065049173	0.171052229877011
ENSG00000144362.12	5.15186500178925	6	0.524488229702071	0.953075047686057
ENSG00000243364.8	2.74439771904144	3	0.432735017129561	0.892583621573206
ENSG00000198586.14	27.4878923586148	9	0.00116102006783812	0.0206747723931741
ENSG00000124523.16	12.8279014882146	9	0.170549414634392	0.564114281697679
ENSG00000196704.13	19.5808937517577	6	0.00328719794808224	0.0451724959534101
ENSG00000198125.13	7.74808254992422	6	0.257146497330562	0.706925341748577
ENSG00000197372.10	12.6827284931369	6	0.0483602202310281	0.264724041467215
ENSG00000183137.14	24.0679939290876	18	0.152812786932073	0.527904845261392
ENSG00000197056.11	17.0879384176287	9	0.0473565469889336	0.260992200162668
ENSG00000130311.11	3.62707408065035	6	0.726993421021387	0.999999999795678
ENSG00000213923.13	1.41373677908268	6	0.965017458979973	0.999999999795678
ENSG00000197568.14	10.2193950278379	9	0.333017784296043	0.794382165401424
ENSG00000155729.13	4.37667364021672	3	0.223558053306689	0.650264058683252
ENSG00000147853.17	1.57979785368298	6	0.954018765025256	0.999999999795678
ENSG00000082153.18	2.46823071608378	9	0.981725691498388	0.999999999795678
ENSG00000196562.14	19.1699261751655	6	0.00388607448979348	0.0504878299499291
ENSG00000182165.18	8.51101783425111	12	0.744030628362869	0.999999999795678
ENSG00000197429.11	0.136577922088918	3	0.987112620312367	0.999999999795678
ENSG00000142949.17	8.33450647978316	12	0.758474038975153	0.999999999795678
ENSG00000197363.9	1.29491798908703	6	0.971937190020716	0.999999999795678
ENSG00000180964.17	2.23188874384141	6	0.89718448184267	0.999999999795678
ENSG00000197771.13	1.90561529388651	6	0.928171141154029	0.999999999795678
ENSG00000137486.17	1.18913835140484	3	0.755610545208207	0.999999999795678
ENSG00000197576.14	4.02577932789609	3	0.258693849938634	0.709722856667514
ENSG00000168385.18	1.69891690868826	3	0.637174618505495	0.999999999795678
ENSG00000196511.14	6.99653936021082	3	0.0720081566889295	0.338221394135082
ENSG00000107937.19	1.33316259855928	3	0.721273755565254	0.999999999795678
ENSG00000117266.15	1.29571683360791	6	0.97189335511453	0.999999999795678
ENSG00000198042.11	10.3168225529334	3	0.0160563980364076	0.12516271046265
ENSG00000087502.18	31.0791403425974	15	0.00857311719599978	0.0841431732542013
ENSG00000197102.12	26.5300670556317	12	0.00902414918324194	0.0865784348266774
ENSG00000197798.9	1.37382548872665	3	0.711681486998341	0.999999999795678
ENSG00000157557.13	1.10076541767558	3	0.776889311955416	0.999999999795678
ENSG00000180891.13	14.8551937086759	9	0.0949911288074161	0.397851617526894
ENSG00000197355.11	8.16468543948759	6	0.226284663061385	0.655499490405458
ENSG00000188191.15	0.918656528814608	3	0.820923384277369	0.999999999795678
ENSG00000196924.18	3.74426472501364	3	0.290435977756747	0.748502619375075
ENSG00000196476.12	1.71859647776046	3	0.632807318115123	0.999999999795678
ENSG00000181885.18	2.10076369107628	6	0.910201897933128	0.999999999795678
ENSG00000107643.16	7.32604777040251	9	0.603213330116743	0.999999999795678
ENSG00000138496.16	1.87514366563937	6	0.930815855717484	0.999999999795678
ENSG00000070785.17		9	1	
ENSG00000169375.16	0.353227287030677	3	0.949725751784242	0.999999999795678
ENSG00000123562.18	2.59719139715889	6	0.857435762409751	0.999999999795678
ENSG00000196155.13	23.4593580670189	9	0.00524307422166091	0.0605103284134078
ENSG00000134871.19	5.2946077225497	6	0.506620062616939	0.943584911996937
ENSG00000196547.15	3.95882455954961	9	0.91410161187159	0.999999999795678
ENSG00000162734.13	0.600001524486288	3	0.896432024345486	0.999999999795678
ENSG00000138780.15	4.88259582103342	3	0.180598701065608	0.578701055153709
ENSG00000174606.14	5.68846797258175	6	0.458976600412785	0.912106879388296
ENSG00000158985.13	0.838822443312893	3	0.840160434067518	0.999999999795678
ENSG00000197579.8	1.60805968220484	3	0.65756372472496	0.999999999795678
ENSG00000168300.14	2.33055976447758	9	0.985098595646756	0.999999999795678
ENSG00000198598.6	15.2082374200609	9	0.0853725785209568	0.373914367406481
ENSG00000111237.19	5.7947588157549	6	0.446569778339027	0.902153300023546
ENSG00000198554.12	17.8222246045625	9	0.0372929718548958	0.224570961636368
ENSG00000105176.18	3.80755466790288	6	0.702700481433895	0.999999999795678
ENSG00000198355.5	2.7756189040374	3	0.427529221806191	0.888692138095284
ENSG00000134884.15	44.1995628605	3	1.36882539900908e-09	2.46601500217037e-07
ENSG00000018408.15	2.62712425622158	6	0.853977956819701	0.999999999795678
ENSG00000167173.19	4.10962603616463	6	0.661843809227042	0.999999999795678
ENSG00000163848.20	22.5899670268245	9	0.0071859041354655	0.0745893996514319
ENSG00000161011.20	41.8546297296416	9	3.49385121093277e-06	0.000194004464157753
ENSG00000197182.14	28.8003935976103	6	6.63626730873244e-05	0.00205344347602649
ENSG00000129696.13	3.81094832181407	6	0.702242277957114	0.999999999795678
ENSG00000196715.7	11.2961890987062	3	0.0102274888855435	0.0943279321901037
ENSG00000008283.16	5.51577524309687	6	0.479552106352406	0.926580512635038
ENSG00000137073.23	0.531085278709725	3	0.91201092074649	0.999999999795678
ENSG00000183506.17	5.67018218465273	9	0.772419909514335	0.999999999795678
ENSG00000120820.12	0.332177301020238	3	0.953867433862657	0.999999999795678
ENSG00000136021.19	2.56667208218187	3	0.463362341142542	0.914652666092668
ENSG00000138326.21	3.06510329293087	3	0.381696042890391	0.84801584535829
ENSG00000073536.18	3.36149094673237	6	0.762297129202378	0.999999999795678
ENSG00000122390.19	2.2158323364747	6	0.898816921625014	0.999999999795678
ENSG00000101152.11	0.965891711060976	3	0.809504350297583	0.999999999795678
ENSG00000106263.18	1.63340940879425	3	0.651838408644002	0.999999999795678
ENSG00000103248.19	29.4083991593798	9	0.000552832504468712	0.0116410730226697
ENSG00000100592.16	11.8960025645447	6	0.0643294813903137	0.317225733352356
ENSG00000165804.16	11.277735765093	9	0.25715096001191	0.706925341748577
ENSG00000104881.16	31.3433768123578	15	0.00790042138802849	0.0794649084277258
ENSG00000173715.18	13.063311495991	9	0.159762349642375	0.543741968325245
ENSG00000197879.17	1.7667791326021	3	0.62219071140389	0.999999999795678
ENSG00000137145.20	1.13378748841933	3	0.768924540045569	0.999999999795678
ENSG00000158691.14	0.0337230040729537	3	0.998369507856955	0.999999999795678
ENSG00000075240.17	13.9263434922868	6	0.0304698576766684	0.195891464064037
ENSG00000280987.4		3	1	
ENSG00000168411.14	0.99131296133055	3	0.803353952665385	0.999999999795678
ENSG00000106733.21	0.572837069279558	6	0.996835986907965	0.999999999795678
ENSG00000159131.17	0.633286541589769	3	0.88877166507876	0.999999999795678
ENSG00000115415.20	2.16806432780686	3	0.538266064026082	0.960356303554987
ENSG00000108669.16	17.347935919126	9	0.0435380754846225	0.249620352159713
ENSG00000171608.16	4.23398343552208	3	0.237281446568277	0.674488319540329
ENSG00000107745.19	2.44882189931377	3	0.484611148964037	0.928658396108637
ENSG00000198742.9	0.577164067933154	3	0.901639652688442	0.999999999795678
ENSG00000198799.12	10.8526544821375	6	0.0930384769598452	0.393254917994507
ENSG00000198887.9	6.22147209623108	6	0.398843637355135	0.865246285265743
ENSG00000189337.17	2.10515686663052	3	0.550870198819807	0.966210808531499
ENSG00000198836.10	14.728437817419	12	0.256624427986962	0.706925341748577
ENSG00000198898.14	0.681076320499415	6	0.994890387976796	0.999999999795678
ENSG00000198901.14	9.81055745498452	3	0.0202470471598724	0.14827715566855
ENSG00000198961.10	2.72745083407426	3	0.435582451688326	0.894963347404929
ENSG00000181045.15		6	1	
ENSG00000198728.11	2.50785654531137	6	0.867587358731836	0.999999999795678
ENSG00000198837.10	12.9622854046975	9	0.16432024697556	0.552298607890077
ENSG00000142864.14	11.2181016698596	6	0.0818651377546227	0.364634786021965
ENSG00000170633.16	9.7565874033462	6	0.135284035968807	0.492698867744439
ENSG00000198925.12	6.16281815108232	6	0.40520061922216	0.869314036265377
ENSG00000170776.22		6	1	
ENSG00000198752.11	3.07729217296765	6	0.799085220586622	0.999999999795678
ENSG00000198917.13	25.0697639772152	9	0.00289496963663934	0.0412105062563523
ENSG00000198791.12	42.8285378406654	12	2.41399864354521e-05	0.00093326877540709
ENSG00000198824.7	1.65972147631692	3	0.645925440101538	0.999999999795678
ENSG00000064995.18	6.09760781329896	3	0.106956765005914	0.428620115621821
ENSG00000131778.19	34.7212766325156	9	6.67183760208557e-05	0.00205660028289383
ENSG00000086015.22	8.0489046568182	9	0.529225424685109	0.954552444230318
ENSG00000166681.14	0.186149298504461	3	0.979793682645327	0.999999999795678
ENSG00000171603.18	0.367086721074884	3	0.946954450530891	0.999999999795678
ENSG00000121903.14	0.774471978706856	3	0.855562742962757	0.999999999795678
ENSG00000187535.14	4.02323747033438	3	0.258965811053614	0.709988444440869
ENSG00000198815.9	1.14025619016456	3	0.767366028043646	0.999999999795678
ENSG00000138629.16	2.37724539379997	3	0.497884440492652	0.938031410428521
ENSG00000110002.16	2.26286633458221	3	0.519672032719666	0.950985646027984
ENSG00000198909.8	1.46821141305691	6	0.961578129722114	0.999999999795678
ENSG00000198914.5	8.74742493236522	3	0.0328445058272792	0.205614215244597
ENSG00000198862.14	2.86442211873759	3	0.413004390414798	0.87652155314564
ENSG00000132792.19	9.64279368535063	9	0.380169108727641	0.846067588723701
ENSG00000198924.8	7.69162092339047	3	0.052834012883961	0.279951204215864
ENSG00000132694.19	4.61679706651603	6	0.593812893211374	0.995586581891105
ENSG00000198920.11	8.19562016558575	3	0.0421371841973423	0.245583143269485
ENSG00000139116.19	3.10697171757784	6	0.795305998847243	0.999999999795678
ENSG00000198830.11	0.905349124630447	3	0.824136753941399	0.999999999795678
ENSG00000119979.18	7.90870488150176	9	0.543372180600815	0.962778473918945
ENSG00000198793.13	12.7005381852359	6	0.0480457214972389	0.263714735394798
ENSG00000181191.11	5.59974922202673	6	0.469483573657623	0.920054470047963
ENSG00000196199.14	5.62140742940574	9	0.777129474643614	0.999999999795678
ENSG00000198324.13		6	1	
ENSG00000198807.13	3.82851035214617	3	0.280587269673093	0.737477091991469
ENSG00000169122.11	1.15042856377295	3	0.764916449384202	0.999999999795678
ENSG00000097021.19	0.469808922614902	3	0.925472393217365	0.999999999795678
ENSG00000126581.13	2.02468859221699	6	0.917414039875082	0.999999999795678
ENSG00000198795.11	6.67892856955973	6	0.351562560281668	0.815346100867627
ENSG00000143314.12	0.769330966868438	3	0.856787705871078	0.999999999795678
ENSG00000198721.12	7.35053536118357	6	0.289642434589861	0.747812489560511
ENSG00000198964.14	2.61591415369912	3	0.454706418443156	0.908852301360617
ENSG00000117859.19	6.05675085053736	6	0.416862957435477	0.880080207273283
ENSG00000198700.10	16.8594278619494	6	0.00981399125587903	0.0917670439577985
ENSG00000197818.12	8.8058675375587	6	0.18479390188817	0.58891868228755
ENSG00000075945.13	0.334836522792102	3	0.953348876876067	0.999999999795678
ENSG00000198919.13	3.57606830738769	6	0.733823174043644	0.999999999795678
ENSG00000198826.11	19.0008904739407	12	0.0885069608232881	0.382680496743678
ENSG00000198860.13	24.2124517326774	9	0.00397776875955965	0.0513957792306936
ENSG00000135040.16		6	1	
ENSG00000198796.7	42.8488654829598	6	1.24957641005245e-07	1.08928128562314e-05
ENSG00000122786.20	1.80131098508718	3	0.614649692282341	0.999999999795678
ENSG00000198910.14	3.29588173987577	6	0.770898392255203	0.999999999795678
ENSG00000139190.16	5.88100540423511	6	0.436651232001495	0.895731664432217
ENSG00000145365.11	1.90910102094404	3	0.591485748525175	0.993676501722309
ENSG00000198933.9	2.30477003292481	3	0.511607711277094	0.946725340178817
ENSG00000007968.7	5.80770592676618	3	0.121349893038422	0.465806620673525
ENSG00000010165.20	7.98309492748376	6	0.239344433342634	0.677931083961579
ENSG00000064932.16	20.2601101558284	9	0.016373296306825	0.127281727555022
ENSG00000140682.19	0.0357194442522086	3	0.99822365723555	0.999999999795678
ENSG00000198945.8	7.58723893620618	6	0.269928799873175	0.723887787155749
ENSG00000198952.8	18.2312798431667	6	0.00567947540713085	0.0634515392187625
ENSG00000198839.10	18.8449575201003	9	0.0265439388805923	0.179326427087468
ENSG00000196072.12	22.923064287781	9	0.00637143533141345	0.0690551152831135
ENSG00000162062.15	9.14323988742035	9	0.424158427430134	0.885957156140689
ENSG00000123178.15	5.43676214971583	3	0.142470247305366	0.508998906418536
ENSG00000080823.23	6.75334461222974	12	0.873473838540444	0.999999999795678
ENSG00000142156.15	10.3186354225409	6	0.111859133389534	0.442146267376377
ENSG00000196428.12	7.94173784291615	6	0.242402901007062	0.683105511895933
ENSG00000198794.12	8.87365009500263	6	0.180809586904281	0.579030171498025
ENSG00000140931.20	1.65095429976464	3	0.647892243234593	0.999999999795678
ENSG00000198960.11	8.64219228277398	6	0.194723258400169	0.605067633518655
ENSG00000049246.14	1.18332485069379	3	0.757006416603427	0.999999999795678
ENSG00000198783.6	5.69064497222098	3	0.12767031205404	0.477482266535291
ENSG00000198732.11	0.639701420994243	3	0.887286475331225	0.999999999795678
ENSG00000198954.9	8.7146798992726	3	0.0333350391673916	0.207563104861785
ENSG00000185619.18	56.4925756510638	15	1.00033787034568e-06	6.7190533611867e-05
ENSG00000198715.13	6.9530554406374	6	0.325210451529776	0.787519747667895
ENSG00000198892.7	0.999211060498055	3	0.801442857154182	0.999999999795678
ENSG00000214827.11	1.29651505558059	3	0.729960776821825	0.999999999795678
ENSG00000164038.16	4.64707820981016	3	0.199540481132831	0.613918284836379
ENSG00000129515.20	6.89577357390954	3	0.0752950718053296	0.346041466624607
ENSG00000215908.10	7.04035152816778	6	0.317131638297043	0.779015272989526
ENSG00000198740.9	8.78038016364872	6	0.186311264831652	0.590933264471912
ENSG00000198690.10	7.19668665306745	15	0.951960135835325	0.999999999795678
ENSG00000264343.6	0.968474951649114	3	0.808879453834232	0.999999999795678
ENSG00000134452.20	3.65708674904818	3	0.300952669074737	0.763399026341957
ENSG00000232593.7	0.772782377511021	3	0.855965431329969	0.999999999795678
ENSG00000249684.6		3	1	
ENSG00000171792.11	9.81503632924796	3	0.0202056325436292	0.148157752333052
ENSG00000234912.12	22.9564231872837	6	0.000811205748952457	0.0159235956580087
ENSG00000131370.16	7.52019709844171	6	0.275402488491282	0.730591614593857
ENSG00000160691.19	12.989095006822	9	0.163100322721373	0.550182191674171
ENSG00000223482.8	13.2763601430161	9	0.150494781517123	0.523709573872533
ENSG00000175137.11	0.186705778467513	3	0.979706358900795	0.999999999795678
ENSG00000162852.14	9.0038675626638	3	0.0292395093505315	0.190091982602052
ENSG00000185420.19	4.07842006672217	3	0.253119741430603	0.701792662030744
ENSG00000162849.16	11.2730510434283	3	0.0103374042112405	0.0951252394330614
ENSG00000203666.12	16.422814162348	12	0.172628619319039	0.567288292184616
ENSG00000203667.10	37.8347422950319	9	1.86623194432919e-05	0.000771915427177385
ENSG00000054282.16	4.78525546229275	6	0.571636060169273	0.980172068483988
ENSG00000054277.14	0.000754172746383119	3	0.999994492851336	0.999999999795678
ENSG00000116984.14	2.8068370024148	6	0.832671002118534	0.999999999795678
ENSG00000119285.11	0.377685879419005	3	0.944812498455645	0.999999999795678
ENSG00000077585.14	1.6896690927324	3	0.639233030231595	0.999999999795678
ENSG00000284770.2	30.9019003453395	15	0.00905421087808285	0.0867641697264984
ENSG00000168264.10	7.63555582271511	6	0.266037320529108	0.718203315860631
ENSG00000143674.11	3.53706994674667	3	0.315986003518813	0.778010720941877
ENSG00000135778.12	1.6607228495559	6	0.948113071833208	0.999999999795678
ENSG00000116918.15	2.80199799295951	3	0.423171117444626	0.885340242114052
ENSG00000135766.9	5.60284591609707	3	0.132615072446027	0.487343620525006
ENSG00000143643.13	0.474827683854528	3	0.924385816254342	0.999999999795678
ENSG00000168118.12	0.763814275142067	6	0.993008990888899	0.999999999795678
ENSG00000181873.13	6.45269105161697	3	0.0915470405180842	0.390081705316934
ENSG00000081692.12	5.25380146093266	3	0.154128391524116	0.530806656790997
ENSG00000130023.16		15	1	
ENSG00000163050.17	2.46221673584842	3	0.482158079014038	0.926717119677157
ENSG00000143801.17	2.47852341531689	6	0.870863451995306	0.999999999795678
ENSG00000163041.12	1.05815569357947	3	0.787183835247758	0.999999999795678
ENSG00000196187.12	10.8136374557707	6	0.0943098057646417	0.396710373843382
ENSG00000143771.12	0.129252045881003	3	0.988109579396597	0.999999999795678
ENSG00000143756.12	56.1339874027544	9	7.40009254621547e-09	1.05250088196787e-06
ENSG00000112541.16	12.2327528155001	3	0.00662692578590877	0.0706901149294242
ENSG00000143507.18	1.26050616796078	3	0.738531944447092	0.999999999795678
ENSG00000186205.13	1.87832634421648	3	0.598040324281949	0.998115578458708
ENSG00000116141.16	4.00787679821792	3	0.260614833269347	0.710911540056852
ENSG00000143353.12	19.0791768847857	6	0.00403198435679915	0.051616109958048
ENSG00000067533.6	6.45102473558472	3	0.0916141071818728	0.390081705316934
ENSG00000162814.11	1.1058594840415	3	0.775659772477269	0.999999999795678
ENSG00000092978.11	4.30078589767618	6	0.636043316830031	0.999999999795678
ENSG00000117724.13	7.5301667102176	6	0.274583043478978	0.729540119466787
ENSG00000136643.12	9.77343157438372	18	0.939050752853566	0.999999999795678
ENSG00000162769.13	4.3314026813423	6	0.631924318031347	0.999999999795678
ENSG00000203705.11	26.8107218695914	12	0.00822673292949399	0.0815331587523322
ENSG00000117697.15	4.91434093021962	6	0.554845658649081	0.967819968976312
ENSG00000143476.18	13.4491059278989	6	0.0364333059029052	0.221247049404384
ENSG00000143493.13	10.0867736634136	12	0.608348157195411	0.999999999795678
ENSG00000123684.13	0.57368551378022	3	0.902429150466773	0.999999999795678
ENSG00000117625.14	21.9223326864376	15	0.109856662874286	0.436144939236944
ENSG00000082497.12	1.12679302218021	6	0.980346181723346	0.999999999795678
ENSG00000076356.7	0.185807672988858	3	0.979847238503672	0.999999999795678
ENSG00000123838.11	3.15121385114253	3	0.368893433890347	0.834044603163456
ENSG00000203711.14	10.5887385987444	9	0.304954784873057	0.76802374680518
ENSG00000123836.15	3.00813827367256	3	0.390372115713549	0.858352791453686
ENSG00000130338.13	0.241413523776941	3	0.970642062581531	0.999999999795678
ENSG00000162891.10		3	1	
ENSG00000143479.17	4.78019950294129	3	0.188617916694574	0.595632766057697
ENSG00000133065.11	4.05127777563212	6	0.669737101609631	0.999999999795678
ENSG00000215712.11	1.41804214345211	3	0.701311055710928	0.999999999795678
ENSG00000133059.17	5.25475543503717	3	0.154065331936226	0.530806656790997
ENSG00000029639.11	37.2215721723542	9	2.40267582867321e-05	0.00093326877540709
ENSG00000170382.12	1.85356480011251	3	0.603348574011047	0.999999999795678
ENSG00000213079.10	4.48304918874692	3	0.213807253643807	0.635386878772121
ENSG00000198625.13	9.21334156750959	6	0.161930611265032	0.547815137908302
ENSG00000133056.13	10.9616582294939	6	0.089568684049714	0.384604513554572
ENSG00000182004.13	39.7160137319588	9	8.55354224644113e-06	0.000405517935625136
ENSG00000112031.16	8.70693394455429	6	0.190743056285349	0.599129778111322
ENSG00000117153.16	0.285325923936398	3	0.962764232152372	0.999999999795678
ENSG00000225511.7		3	1	
ENSG00000120254.15	18.1719676536522	12	0.110567887059453	0.438324626108062
ENSG00000174307.7	0.0604673723719316	3	0.996116387585984	0.999999999795678
ENSG00000118193.12	2.81652717602628	3	0.420786471188173	0.883565591266992
ENSG00000120265.18	2.20260059516295	6	0.900154279144116	0.999999999795678
ENSG00000203724.11	1.51923246139631	6	0.958206792103425	0.999999999795678
ENSG00000134371.14	17.4875174506051	15	0.29056505752558	0.748502619375075
ENSG00000116747.13	41.7754209614668	15	0.000243347007008632	0.00599639570157745
ENSG00000116750.13	10.2794782660567	12	0.591456728160431	0.993676501722309
ENSG00000055208.19	2.60969994734842	6	0.855994137243364	0.999999999795678
ENSG00000111962.8	11.5829513671133	3	0.00895729536192797	0.0863298765584313
ENSG00000047410.14	20.4657436166817	6	0.00228717932718903	0.0344649866273634
ENSG00000116679.16	31.9689505478164	9	0.000201604422784575	0.0050757983090514
ENSG00000121486.12	1.40634450979996	3	0.704048218999985	0.999999999795678
ENSG00000121481.11	9.27283159056697	6	0.158805603502092	0.542799182346041
ENSG00000112425.16	3.14690898075605	6	0.790195236341197	0.999999999795678
ENSG00000152818.18	9.10102287681184	9	0.428001678822133	0.888692138095284
ENSG00000135829.17	3.49439264586545	3	0.321490104369412	0.783375732432276
ENSG00000143324.14	2.07063065724105	3	0.557877193443918	0.970741774557615
ENSG00000034693.15	6.9935472758516	3	0.0721037273907234	0.338278309002659
ENSG00000116260.17	0.135555037122685	3	0.987253246322365	0.999999999795678
ENSG00000169905.12	5.258101999676	6	0.511161169067601	0.946331033941777
ENSG00000057252.13	2.19120534999092	3	0.533682719825815	0.957840560023883
ENSG00000009844.16	0.257677886082092	3	0.967781138210764	0.999999999795678
ENSG00000075391.17	1.91522811970572	3	0.590186458018927	0.992893838783514
ENSG00000164442.10		3	1	
ENSG00000120333.4	4.60623929905705	3	0.203007495951863	0.618186883402821
ENSG00000116161.18	0.218147441511974	3	0.974607840754418	0.999999999795678
ENSG00000027697.15	2.3835416938673	3	0.496705684342764	0.936681317275363
ENSG00000120370.13	60.8612404231481	12	1.57182595197592e-08	1.96042969117981e-06
ENSG00000000457.14	9.25566764217865	6	0.159701817609878	0.543741968325245
ENSG00000146410.12	5.79938320312431	6	0.446034556932548	0.901774786239736
ENSG00000143156.14	21.8169394255092	6	0.00130690927975057	0.0224949331867047
ENSG00000143153.13	0.680918157915585	3	0.877682747025644	0.999999999795678
ENSG00000143155.13	1.25394552746366	3	0.740097107525589	0.999999999795678
ENSG00000143157.12	4.65216057167709	3	0.199112886356997	0.613300976328332
ENSG00000143179.16	8.63120139470266	6	0.195405869526475	0.606146716711792
ENSG00000143183.17	3.14635961962631	6	0.790265729590954	0.999999999795678
ENSG00000143198.13	0.566351932677208	3	0.904090233619125	0.999999999795678
ENSG00000079950.14	2.12707131669231	3	0.54645549594293	0.964326231086055
ENSG00000081721.12	1.95614875896717	3	0.581557893993129	0.987667386273506
ENSG00000158882.15	7.2929196285786	3	0.0631248991192913	0.314925265944673
ENSG00000158796.17	11.9717761622269	9	0.214905111998364	0.637714400794558
ENSG00000158793.14	0.356070076210017	3	0.949160108739439	0.999999999795678
ENSG00000158773.14	25.8963631269289	9	0.00212428359784354	0.0329768485620167
ENSG00000162735.19	0.5268270068118	3	0.912959320425738	0.999999999795678
ENSG00000158716.9	1.27359203477681	3	0.73541325495412	0.999999999795678
ENSG00000027869.12	0.558405994705936	6	0.997053466533275	0.999999999795678
ENSG00000143303.12	13.3592184902263	12	0.343480668764024	0.806250607903081
ENSG00000160818.17	1.95357168674673	3	0.582098775331789	0.987667386273506
ENSG00000163467.12	13.8026817553166	6	0.0319196842386614	0.201223079411219
ENSG00000093144.19	3.72628087720659	6	0.713660474501791	0.999999999795678
ENSG00000132680.11	57.1675223534985	12	7.37237873180989e-08	7.28876516814424e-06
ENSG00000143622.11	8.63584876728419	9	0.471544208816001	0.921379939815744
ENSG00000203760.9	2.7888927130989	3	0.425331639703025	0.886061615426583
ENSG00000143630.10	0.710248358432637	3	0.870790825405754	0.999999999795678
ENSG00000160766.14	3.37073279739889	9	0.947768500031559	0.999999999795678
ENSG00000169231.13	3.41205482862915	6	0.755631264440766	0.999999999795678
ENSG00000143590.14	1.70712646099855	6	0.94456976743653	0.999999999795678
ENSG00000172594.13	1.42508485152666	3	0.699665380638735	0.999999999795678
ENSG00000025156.13	0.803854220860558	3	0.848544934188144	0.999999999795678
ENSG00000163346.17	0.832192173009389	3	0.841752597912228	0.999999999795678
ENSG00000160710.17	57.9023198163923	12	5.42896231503983e-08	5.57121487190226e-06
ENSG00000143515.18	11.0517236630021	3	0.0114494489069109	0.101332622585509
ENSG00000153975.10	3.05131383119988	3	0.383781059811293	0.850271603257531
ENSG00000196591.12	3.82571784750326	6	0.700247690180196	0.999999999795678
ENSG00000176171.11	1.45413591017132	3	0.692895457112739	0.999999999795678
ENSG00000148773.14	6.1270417799351	6	0.4091104239786	0.872804791366975
ENSG00000074935.14	20.1565504214086	12	0.0641819040959634	0.317225733352356
ENSG00000160679.13	5.16900838020956	6	0.522326634258335	0.950985646027984
ENSG00000188643.11	3.11932850765879	6	0.793727757782501	0.999999999795678
ENSG00000196754.13	7.96588900999268	3	0.0467219625436266	0.25907999339342
ENSG00000188015.10	3.48894211488096	3	0.322199125894218	0.783698863973725
ENSG00000188690.15	1.03695730040272	3	0.792310371491515	0.999999999795678
ENSG00000159445.13	5.83488058358125	6	0.441938941112213	0.899522720461138
ENSG00000182134.16	14.7797935241488	9	0.0971649932478127	0.403957230902573
ENSG00000143436.11	1.64159161625139	3	0.649996396977673	0.999999999795678
ENSG00000203791.15	0.70314328618224	3	0.872464368511817	0.999999999795678
ENSG00000143376.14	1.16792262419267	3	0.760707618403615	0.999999999795678
ENSG00000107902.14	3.74979439554954	6	0.710492519562876	0.999999999795678
ENSG00000173214.7	10.8912072867427	6	0.0917975626404184	0.390452696918086
ENSG00000112394.17	3.67767510275235	6	0.720200133045455	0.999999999795678
ENSG00000154473.18	8.1974559618393	6	0.223991222809312	0.65085908362548
ENSG00000197498.13	1.44592085931436	3	0.694806800199301	0.999999999795678
ENSG00000143416.21	2.8871486447606	3	0.409353885612789	0.872849285241228
ENSG00000143393.16	25.2059267422956	12	0.0138766361203489	0.113519565113691
ENSG00000123505.19	16.3381191251028	6	0.0120497319732059	0.104702226266645
ENSG00000095574.12	2.66017547824868	6	0.850128408466495	0.999999999795678
ENSG00000179988.14	7.87079409226863	9	0.547217798481165	0.964597935582882
ENSG00000119965.13	1.63560346044051	3	0.651344187121993	0.999999999795678
ENSG00000213185.7	14.3924378823176	6	0.0255467769458413	0.174774447848047
ENSG00000163156.12	20.2448123015129	9	0.0164602439790294	0.127781196991034
ENSG00000163155.12	4.48971237313526	3	0.213209757844945	0.634541669180973
ENSG00000143458.12	20.1679481262672	12	0.0639749021610634	0.316832383218336
ENSG00000135537.17	3.64619689621031	6	0.724428080319265	0.999999999795678
ENSG00000166033.13	2.39888363450882	6	0.879608123672256	0.999999999795678
ENSG00000107679.14	9.93944596912525	6	0.127225352730904	0.476624738719705
ENSG00000025796.14	5.50193457242858	9	0.788544637920285	0.999999999795678
ENSG00000107672.15	0.8860922253225	3	0.828782712078394	0.999999999795678
ENSG00000164494.12	2.1135061938603	3	0.549185204683392	0.965989250242625
ENSG00000130348.11	5.06478482968032	3	0.16711428402171	0.557904826213097
ENSG00000143374.17	2.25130318909942	3	0.521914056483648	0.950985646027984
ENSG00000130347.13		3	1	
ENSG00000163125.15	0.955259465320523	3	0.812076009398377	0.999999999795678
ENSG00000107651.13	29.194597164611	9	0.000600830581770842	0.0123942328916443
ENSG00000198825.15	5.17016041934005	3	0.159752866192475	0.543741968325245
ENSG00000151929.10	0.457217844239494	3	0.928184755921897	0.999999999795678
ENSG00000151923.17	23.7161280637301	9	0.00477340288026883	0.0567061264528617
ENSG00000057657.17		3	1	
ENSG00000085377.15	2.10408460855797	3	0.551086861307669	0.966210808531499
ENSG00000143401.15	30.9670905088569	3	8.63719372036549e-07	5.98476320435924e-05
ENSG00000023902.14	6.11591470097858	3	0.106104911972152	0.425837881860511
ENSG00000136631.15	15.9628286322513	3	0.00115405725959824	0.0206532940476002
ENSG00000014914.21	7.52585132622426	6	0.274937508466133	0.729596851435333
ENSG00000107581.13	0.0756992938404437	3	0.994584791676246	0.999999999795678
ENSG00000178096.9	2.03082419290513	3	0.566033739833377	0.976561197245107
ENSG00000151893.15	2.70426988478766	6	0.844942697967567	0.999999999795678
ENSG00000165669.14	3.89080526807084	6	0.691450595141686	0.999999999795678
ENSG00000263513.5	2.27428421604236	3	0.517465261627489	0.950836553946974
ENSG00000165868.16	6.6615404023139	3	0.0835048832033846	0.369124366483009
ENSG00000271383.7	3.16773025617681	3	0.366480404900514	0.831529986713817
ENSG00000132424.16	46.8080289677673	6	2.04355730953112e-08	2.43634104534836e-06
ENSG00000165813.20	6.53149308954016	6	0.366351919258046	0.831471167252234
ENSG00000131788.16	0.517367734351865	3	0.915059560395258	0.999999999795678
ENSG00000196865.4	8.31520279505253	3	0.0399273699478369	0.235926521987692
ENSG00000265241.7	1.17301283983397	3	0.759483955026242	0.999999999795678
ENSG00000135341.18	11.2795787088035	9	0.257031008857516	0.706925341748577
ENSG00000220323.4	10.9464182746351	3	0.0120191687909272	0.104608465697591
ENSG00000112159.12	3.09967876185692	3	0.376510542953265	0.842747928062839
ENSG00000023041.11	30.7227342981569	6	2.86333081463825e-05	0.00106972455826139
ENSG00000092621.13	3.28800863400102	3	0.349315109789992	0.813280751869224
ENSG00000196505.11	11.2029312901523	9	0.262055168483304	0.713096372379063
ENSG00000116830.12	8.4149200824686	12	0.751923682825184	0.999999999795678
ENSG00000111880.16	0.499870184768042	3	0.91891993057004	0.999999999795678
ENSG00000116815.16	0.00679818397838972	3	0.999851227512283	0.999999999795678
ENSG00000203865.11	9.63093858745015	6	0.141079228677728	0.505807153235995
ENSG00000165775.18	0.45160130225122	3	0.92938820536496	0.999999999795678
ENSG00000119953.14	1.89309065438465	6	0.92926362909139	0.999999999795678
ENSG00000203875.13	10.2504693973606	9	0.330591548247767	0.792478416921895
ENSG00000160211.19	2.78925007971702	3	0.425272604004603	0.886061615426583
ENSG00000155380.12	1.1275941144122	3	0.770417274803584	0.999999999795678
ENSG00000065615.14	4.92212244807161	6	0.553839696175245	0.967819968976312
ENSG00000130827.6	18.7240550627848	15	0.226511796571366	0.655598405856502
ENSG00000116459.11	2.34812658198644	6	0.885062506169318	0.999999999795678
ENSG00000156384.14	2.64205882679016	3	0.450163754723746	0.904455405091799
ENSG00000146242.9	3.45582739241945	3	0.326536511451216	0.789101988280074
ENSG00000121931.16	0.300381550617203	3	0.959956704962019	0.999999999795678
ENSG00000102125.16	6.88462176685425	9	0.64913064343333	0.999999999795678
ENSG00000162775.16	23.1556080357727	9	0.00585614247362892	0.064592853107088
ENSG00000143093.15	6.4295785119466	3	0.0924815116519483	0.391594331142234
ENSG00000148843.15	0.990260647382456	3	0.803608576391061	0.999999999795678
ENSG00000102119.11	3.18331756442785	3	0.364215588894819	0.829735973621928
ENSG00000162650.16	7.37582757195105	6	0.287484176119908	0.744727316216394
ENSG00000148842.18	13.5311094755125	6	0.0353357730154866	0.216038545879751
ENSG00000166272.18	5.94169270113343	3	0.114481719153848	0.449418478669291
ENSG00000130590.14	2.7927300391766	6	0.834375499890145	0.999999999795678
ENSG00000156398.13	27.6634400268795	6	0.000108713414512994	0.00307086986570328
ENSG00000134222.16	25.6107881831194	12	0.0121794748688107	0.10560321150957
ENSG00000107874.11	1.5120278790564	3	0.679497097465902	0.999999999795678
ENSG00000196586.16	19.0823591133478	6	0.00402677880238917	0.051616109958048
ENSG00000166197.17	4.40097057174717	9	0.88309835752481	0.999999999795678
ENSG00000102030.16	2.07721452997066	6	0.912461890906973	0.999999999795678
ENSG00000134186.12	29.3648552332634	12	0.00347683244217303	0.0468996349562342
ENSG00000162639.16	0.457606077576202	3	0.928101420258322	0.999999999795678
ENSG00000130589.16	4.43341117369801	9	0.880645690155499	0.999999999795678
ENSG00000162694.14	14.7364476037146	3	0.00205630220748187	0.0322445686577475
ENSG00000137992.14	1.08011244708837	3	0.781877056803761	0.999999999795678
ENSG00000122435.10	11.9015894079284	9	0.218914264716756	0.64232281724891
ENSG00000166171.13	2.95639329021651	3	0.398397453708334	0.864820608873331
ENSG00000117620.15	38.6826747262676	21	0.0107075341671776	0.0973382204080398
ENSG00000125534.10	0.367031922214665	3	0.946965474647568	0.999999999795678
ENSG00000166167.18	1.31206574960015	3	0.726269958207165	0.999999999795678
ENSG00000117569.19	57.9768577620635	18	4.32543210717296e-06	0.000230699197979284
ENSG00000107821.15	1.66850401813463	6	0.947526818714569	0.999999999795678
ENSG00000172339.10	4.6748928643849	3	0.197210758054177	0.609428517286192
ENSG00000213397.10	1.11923773148737	9	0.999109948990342	0.999999999795678
ENSG00000107816.17	1.82198179196348	3	0.61016317436193	0.999999999795678
ENSG00000023909.10	13.9427342313174	6	0.0302824369337396	0.195150807807493
ENSG00000117505.13	1.46046740797101	3	0.691424018771225	0.999999999795678
ENSG00000147383.11	3.24181563153252	3	0.355823269154412	0.820904736207974
ENSG00000221867.9	1.97133185728489	3	0.578378155401049	0.985185479592045
ENSG00000117500.13	12.6815468456189	9	0.177553222808744	0.574849831194285
ENSG00000143033.18	9.44567068134347	9	0.397192000898127	0.864077360487555
ENSG00000135297.16	24.2489909727628	15	0.0609840349790346	0.307461176352633
ENSG00000154511.12	2.45775827015177	3	0.482973501059458	0.927615771876101
ENSG00000102287.19	11.9060091672582	3	0.00771216750510294	0.0786613885443889
ENSG00000174842.17	11.92071379355	3	0.00765975578073399	0.0784061112555688
ENSG00000063601.17	5.96839854475002	6	0.426739410636136	0.887298384720993
ENSG00000107566.14	3.34632871819485	6	0.764289879366662	0.999999999795678
ENSG00000119900.9	0.83612760975484	3	0.840807684667219	0.999999999795678
ENSG00000119929.13	1.29811597144362	3	0.729580506106248	0.999999999795678
ENSG00000154079.6	1.27164858613196	3	0.73587615428217	0.999999999795678
ENSG00000155287.11	16.6379827427954	6	0.0107099657831468	0.0973382204080398
ENSG00000182195.9	0.0811121502556489	3	0.994003411726002	0.999999999795678
ENSG00000153936.17	2.86368599013804	3	0.413123085551929	0.87652155314564
ENSG00000097033.14	5.00573480025923	3	0.171377695368848	0.566160952060003
ENSG00000168216.13		21	1	
ENSG00000119943.13	11.6636466082277	9	0.232942175687186	0.665654641627076
ENSG00000117151.13	2.14805975568834	6	0.905590185620252	0.999999999795678
ENSG00000241935.9	1.24255203762823	6	0.974730791151993	0.999999999795678
ENSG00000117133.11	2.94685970087448	3	0.399891141193469	0.866200011748825
ENSG00000022267.19	2.14595560941962	3	0.542671720515585	0.962599961690848
ENSG00000198689.12	2.86610122814363	6	0.825455207182884	0.999999999795678
ENSG00000168116.14	0.247161330756171	3	0.969639034990797	0.999999999795678
ENSG00000162616.9	6.35483731904242	6	0.384636454300933	0.850837301545362
ENSG00000186376.15	4.16710681927998	3	0.243975818719827	0.685822455742594
ENSG00000203950.6	8.46316073989146	6	0.20609557079252	0.623013757103536
ENSG00000101928.13	1.4708995850815	3	0.68900279136972	0.999999999795678
ENSG00000180488.15	2.78261374538056	3	0.426370007084388	0.886868247313846
ENSG00000036549.13	7.09087951114634	9	0.627657977222135	0.999999999795678
ENSG00000101181.17	11.4998115591588	6	0.0741040730109948	0.343254580267725
ENSG00000117054.14	2.69208765293297	6	0.846380985324007	0.999999999795678
ENSG00000076770.14	5.55363539461132	6	0.474997989325079	0.923351524936488
ENSG00000162623.16	20.4668538451042	9	0.0152400143315037	0.121128231554412
ENSG00000171311.13	1.72687034776754	3	0.630976518400903	0.999999999795678
ENSG00000254685.6	1.80596579425674	3	0.613637573366887	0.999999999795678
ENSG00000116754.13	35.0301317244012	12	0.000463162429588439	0.0101209105570714
ENSG00000024526.17	8.01731790387203	9	0.532401934020856	0.956996006368001
ENSG00000124203.6		3	1	
ENSG00000213625.9	3.81449502010946	3	0.282204612696952	0.738799673896157
ENSG00000096093.16	15.5789951818188	12	0.211288399882056	0.631605847287547
ENSG00000203965.13	0.615447062010844	3	0.892887194913107	0.999999999795678
ENSG00000077147.16	11.1027514328307	3	0.0111830389980197	0.100162270042324
ENSG00000059573.9	3.68056912886823	3	0.298086901718229	0.759629944230337
ENSG00000162600.12	1.1273785304038	6	0.980319722116409	0.999999999795678
ENSG00000101146.13	2.01819549297215	3	0.568638764034775	0.977099292079254
ENSG00000243725.7	4.86661991868641	6	0.561030595534776	0.971853640598383
ENSG00000232119.8	3.71023429646448	6	0.715820860854165	0.999999999795678
ENSG00000153291.16	2.74561341951448	12	0.997089037339932	0.999999999795678
ENSG00000124098.10	1.64790030658969	3	0.648578167402476	0.999999999795678
ENSG00000181090.21	2.90562930103988	6	0.820594781080093	0.999999999795678
ENSG00000176273.15	11.5262829054118	9	0.241350814177594	0.681515517428685
ENSG00000203993.6	19.4562761626949	6	0.00345859055464718	0.0468158662266163
ENSG00000101132.10	5.85435880594014	6	0.439701258027557	0.89767265143022
ENSG00000197070.14	7.33993767827633	6	0.290550473990801	0.748502619375075
ENSG00000058804.12	1.83478443790955	3	0.607394864104479	0.999999999795678
ENSG00000196284.17	2.48287379597787	3	0.478394124420996	0.926048928909263
ENSG00000162385.11	1.17412709112978	3	0.759216155244518	0.999999999795678
ENSG00000157184.7	1.86884595896299	3	0.600069074964663	0.999406098965548
ENSG00000116171.19	4.10481257602078	6	0.662494780453911	0.999999999795678
ENSG00000188566.14	8.014905476688	12	0.783964490393934	0.999999999795678
ENSG00000162377.6	3.66026789713942	3	0.300563010409622	0.763126941869967
ENSG00000085840.13	1.58315188285815	3	0.66321602230003	0.999999999795678
ENSG00000026559.14	3.49858475696874	6	0.744157977835198	0.999999999795678
ENSG00000176978.14	3.39933295839001	9	0.946341222224671	0.999999999795678
ENSG00000107281.10	4.01677778415615	6	0.674405803300277	0.999999999795678
ENSG00000148362.11	35.8587615626457	9	4.20007662895576e-05	0.00144279750978578
ENSG00000196396.10	1.99436752709516	3	0.573576568022563	0.982252901765721
ENSG00000176919.13	5.03339284102276	3	0.169368223279695	0.56296358594854
ENSG00000203999.9	13.5556119071298	12	0.329980921719428	0.792478416921895
ENSG00000240849.11	1.62672079711774	6	0.950637176705174	0.999999999795678
ENSG00000169692.13	2.74398299622408	3	0.432804516640468	0.892583621573206
ENSG00000112759.19	0.914909181090479	3	0.821828471185822	0.999999999795678
ENSG00000148384.14	2.72864826214845	3	0.435380755729296	0.894963347404929
ENSG00000165688.12	1.64584400595049	3	0.649040242819075	0.999999999795678
ENSG00000124201.15	7.38142288688414	3	0.0606847729873318	0.306715370703428
ENSG00000130560.9	10.2100667418708	3	0.016862352482186	0.12994590453715
ENSG00000124228.14	0.562201391010603	3	0.905028290826863	0.999999999795678
ENSG00000185104.20	6.53743590247177	9	0.685154879162712	0.999999999795678
ENSG00000160345.13	0.311973963911441	3	0.957760993663305	0.999999999795678
ENSG00000160293.17	0.818759990195758	3	0.84497482907864	0.999999999795678
ENSG00000160326.14	4.05282769315454	6	0.669527378298282	0.999999999795678
ENSG00000138134.12	2.83506781746883	3	0.417759617219469	0.88036839532057
ENSG00000159658.13	1.07375453892291	3	0.78341331887099	0.999999999795678
ENSG00000124126.14	8.5414200402106	6	0.201057739161515	0.615537092751963
ENSG00000171862.11	18.1214386820211	6	0.00593577300965314	0.0652935031061846
ENSG00000148291.10	2.17299969320447	3	0.53728615124321	0.960356303554987
ENSG00000085999.13	17.8602734087181	12	0.119999435718375	0.463109657390443
ENSG00000085998.14	2.03694444099528	3	0.564774264081448	0.974797734491868
ENSG00000124151.19	0.519303398871216	3	0.914630527679391	0.999999999795678
ENSG00000117472.10	18.8944492582129	6	0.00434565559238608	0.0537866105152274
ENSG00000148296.7	3.73621485637341	3	0.291393096777019	0.748992972597112
ENSG00000159596.7	2.91450027255632	3	0.404996273303009	0.869314036265377
ENSG00000107779.14	7.48616077241059	6	0.278214512945634	0.735404322285703
ENSG00000160271.16	7.07263434096785	12	0.852776447690875	0.999999999795678
ENSG00000132773.12	0.481498986006045	3	0.922936792709675	0.999999999795678
ENSG00000172315.6	4.45911720095774	3	0.215966057257949	0.638292681804664
ENSG00000125484.12	2.53542691328039	3	0.468922654923489	0.919805459343026
ENSG00000126107.15	14.9840821627695	6	0.0203808819520523	0.148735860911837
ENSG00000122378.14	12.5576018961838	3	0.00569788091171322	0.0634515392187625
ENSG00000107263.18	4.64577036362061	6	0.589979274779703	0.992893838783514
ENSG00000173846.13	11.1403084336084	3	0.0109908719679008	0.0990033322708573
ENSG00000170734.12	1.20542955864903	3	0.751702375938672	0.999999999795678
ENSG00000126106.14	23.07599456148	12	0.0270876570371756	0.181938389064111
ENSG00000117419.16	1.0454342310768	3	0.790260052158248	0.999999999795678
ENSG00000160539.6	0.399053971427065	3	0.940437852818704	0.999999999795678
ENSG00000133678.14	27.9903315546508	9	0.000957421853856477	0.0179148650559744
ENSG00000159214.13	17.4446024841709	9	0.0421920454399988	0.245726230159533
ENSG00000130720.13	13.748720938398	9	0.131548663690548	0.485197914713043
ENSG00000130713.16	15.8090304054276	6	0.0148165210549658	0.118342400189761
ENSG00000117407.17	0.345149309360295	3	0.951324991117272	0.999999999795678
ENSG00000151208.17	3.4953392451207	6	0.744589685105073	0.999999999795678
ENSG00000107130.10	0.24476367443458	3	0.970058524162667	0.999999999795678
ENSG00000100982.12	7.5317408136616	3	0.056748479042096	0.294155958819867
ENSG00000137207.12	1.86340877674229	3	0.601234622895691	0.999999999795678
ENSG00000147224.13	9.09005018743483	6	0.168576691838343	0.560885866852973
ENSG00000178922.16	19.98458252813	12	0.0673781722388572	0.325915777052754
ENSG00000198088.10	10.5422214911869	9	0.308395754463068	0.77165567328151
ENSG00000089682.16	4.78816185761571	9	0.852369880481254	0.999999999795678
ENSG00000148335.15	19.2396249253652	12	0.0829073746684743	0.367083608103398
ENSG00000117394.24	11.230357465276	9	0.260249063202896	0.710862249119232
ENSG00000164011.18		12	1	
ENSG00000168612.4	0.931999400976565	3	0.817699548252541	0.999999999795678
ENSG00000164008.16	1.20673183711051	3	0.751390195992859	0.999999999795678
ENSG00000165644.11	16.75675477607	12	0.158978742232456	0.543007854942931
ENSG00000148341.18	9.74980821885401	15	0.835175526237926	0.999999999795678
ENSG00000127125.9	2.25933230619557	3	0.520356493291357	0.950985646027984
ENSG00000171793.16	9.92741631140234	3	0.0191933074805692	0.14330220400298
ENSG00000172465.14	7.39954102521551	6	0.285471951881553	0.742438416212641
ENSG00000133142.17	1.1409760563547	3	0.767192627702392	0.999999999795678
ENSG00000185222.10	3.54006596913678	3	0.315602756631547	0.777451093288348
ENSG00000156671.15	20.4663867263773	6	0.00228657386894641	0.0344649866273634
ENSG00000117010.17	2.07448669589417	3	0.557091497610219	0.969749943202264
ENSG00000084070.12	0.202516888087303	3	0.977181966870899	0.999999999795678
ENSG00000122861.16	1.74483142842018	3	0.627013164995566	0.999999999795678
ENSG00000137161.17	2.36514846111822	3	0.500155195375772	0.939689031033924
ENSG00000196968.11	0.240381308472024	3	0.970821241166852	0.999999999795678
ENSG00000167118.11	0.257669005382923	3	0.967782719236645	0.999999999795678
ENSG00000241343.10	2.03498446522281	6	0.916453110563891	0.999999999795678
ENSG00000090621.14	1.43559425939748	3	0.697212857257777	0.999999999795678
ENSG00000167112.10	2.38571648770449	3	0.496299032307484	0.936608174100327
ENSG00000175854.13	0.358898353530094	3	0.948595908415374	0.999999999795678
ENSG00000024048.10	2.81205648997002	3	0.421519047906741	0.884041187257304
ENSG00000138279.16	3.80990444852068	6	0.702383223509643	0.999999999795678
ENSG00000102384.13	9.1395344240409	6	0.165881492652814	0.555531978205742
ENSG00000188917.15	6.3664305501452	9	0.702757687432753	0.999999999795678
ENSG00000182180.14	10.8693046484841	6	0.0925006962054246	0.391594331142234
ENSG00000168653.11	0.106047647539526	3	0.991101936067665	0.999999999795678
ENSG00000101811.14	0.806887880055001	3	0.847818843887155	0.999999999795678
ENSG00000137413.16	9.97091507371806	6	0.125882204511499	0.474222598501265
ENSG00000122882.11	12.4685325498176	6	0.0522963856079722	0.27855900008136
ENSG00000183520.12	3.5116828825121	3	0.319250048256564	0.780424645141021
ENSG00000183386.10	10.870894561147	6	0.0924494916972973	0.391594331142234
ENSG00000204084.13	1.46407315802571	3	0.690586698693581	0.999999999795678
ENSG00000101052.13	7.8509065810722	6	0.249231078542408	0.694574202043072
ENSG00000188786.10		3	1	
ENSG00000197982.14	0.904855296699679	3	0.824255958833234	0.999999999795678
ENSG00000134697.13	5.82361371655134	3	0.120514356128949	0.463917324376728
ENSG00000148339.12	4.37509032674097	3	0.223706236544664	0.650264058683252
ENSG00000171169.9	0.464738326227234	3	0.926567071872072	0.999999999795678
ENSG00000163874.11	6.51698267155553	3	0.0889951501255848	0.38343086235929
ENSG00000185513.17		6	1	
ENSG00000124596.17	16.9529866597877	9	0.0494573104736379	0.268194258200523
ENSG00000054116.12	1.39750323133194	3	0.70612009194468	0.999999999795678
ENSG00000198246.9	2.83899510136348	3	0.417120793701274	0.880166130800685
ENSG00000092847.13	3.11972470038154	6	0.793677109199062	0.999999999795678
ENSG00000134698.11		6	1	
ENSG00000136877.15	0.876508108834969	3	0.831092920237792	0.999999999795678
ENSG00000079332.15	3.80416446547315	6	0.70315817966441	0.999999999795678
ENSG00000126067.12	0.897619328010478	3	0.826002281738704	0.999999999795678
ENSG00000132793.12	1.54492109015746	6	0.956454956593039	0.999999999795678
ENSG00000136807.14	5.31633646098635	3	0.150045848507651	0.522967194261188
ENSG00000165288.11	11.1713995084763	3	0.0108342553445356	0.0980282456229353
ENSG00000136830.12	1.71125890087569	3	0.634433592035537	0.999999999795678
ENSG00000102144.15	2.30440732976422	6	0.889683347839957	0.999999999795678
ENSG00000204104.12	4.37052550849648	3	0.224133967447034	0.651040513827697
ENSG00000131174.7	0.808867854182608	3	0.847344805040206	0.999999999795678
ENSG00000085224.23	18.9943623445433	12	0.0886645920016692	0.382953568118024
ENSG00000136856.18	7.13510629525263	9	0.623055197280419	0.999999999795678
ENSG00000094841.14	16.1481201536189	9	0.0638521437683101	0.316832383218336
ENSG00000136895.19	7.29900984373808	6	0.294077879553786	0.753028859615459
ENSG00000123485.12	1.89525626425166	3	0.594428597100418	0.995586581891105
ENSG00000160094.15	4.16790480308873	6	0.653966038362632	0.999999999795678
ENSG00000169155.10	2.29790678396785	3	0.512922030207588	0.947675515712402
ENSG00000134684.11	5.12609687911754	6	0.527745100391341	0.954552444230318
ENSG00000162521.19	8.69172623760824	9	0.466203300674872	0.917083470314264
ENSG00000204116.11	2.13828119489608	3	0.544207121851024	0.963083854365041
ENSG00000147099.21	8.84745937728076	9	0.451472667419572	0.905749163875191
ENSG00000204120.15	24.5985265495401	12	0.0168441887824641	0.129929437164069
ENSG00000101363.12	1.7103165291046	3	0.63464263596548	0.999999999795678
ENSG00000084652.16	0.980551528507931	3	0.805957767850672	0.999999999795678
ENSG00000137409.19	5.48897815129021	6	0.482789844970031	0.927482766154512
ENSG00000119522.16	5.73339875986494	6	0.453707658782354	0.907770143176953
ENSG00000121753.12	16.5313192475023	12	0.168093976297211	0.560105986782364
ENSG00000084636.18	13.7896911290882	18	0.742694463633762	0.999999999795678
ENSG00000147174.11	7.24272658683753	3	0.0645507564232395	0.317930122918106
ENSG00000147162.14	2.79142108652741	3	0.424914106777842	0.886061615426583
ENSG00000121769.8	8.51143375102583	3	0.0365438969723838	0.221752524517302
ENSG00000149636.16	6.91360799631366	6	0.328910684620246	0.792415726661615
ENSG00000188060.7	2.81260021832713	3	0.421429894956493	0.884041187257304
ENSG00000180098.9	7.84233049300747	9	0.550110428734564	0.966210808531499
ENSG00000180198.16	0.564680367169785	3	0.904468202138585	0.999999999795678
ENSG00000204138.13	2.54371957825424	6	0.863543019075129	0.999999999795678
ENSG00000158161.16	4.7336515589468	6	0.578399546279807	0.985185479592045
ENSG00000118707.11	10.6588216538321	3	0.0137213309102829	0.112818285689313
ENSG00000108064.11	11.9441786239477	6	0.0632257594826272	0.315201106920977
ENSG00000072401.15	14.0120976817552	6	0.0295013176240226	0.191486935130465
ENSG00000117758.14		3	1	
ENSG00000175084.12	2.51021356471506	3	0.473448091020302	0.921768413521034
ENSG00000107984.10		6	1	
ENSG00000119401.10	1.2299724475979	3	0.745825018841971	0.999999999795678
ENSG00000196821.10	0.774500611158146	3	0.85555591803745	0.999999999795678
ENSG00000204149.12	16.0494332621502	6	0.0134910845140387	0.112230551780753
ENSG00000186501.14	9.18727173351363	3	0.0269018930099788	0.181038752245658
ENSG00000172650.13	0.595158149205759	3	0.897539904531749	0.999999999795678
ENSG00000197444.10	22.4189066296221	6	0.00101639457483039	0.0186846050298184
ENSG00000142751.15		6	1	
ENSG00000204160.12	8.96538483261884	6	0.175534183133996	0.57173789580848
ENSG00000148229.13	0.285793395523797	3	0.962677833851166	0.999999999795678
ENSG00000136875.13	0.0682304217370984	3	0.99535577118381	0.999999999795678
ENSG00000137288.10	8.42990955535788	6	0.20826778849184	0.626734327661205
ENSG00000148153.14	15.2302371298265	9	0.084802810659618	0.373031137285688
ENSG00000061656.10	0.605181185944048	3	0.89524524159975	0.999999999795678
ENSG00000158006.14	2.33015800859948	3	0.506768065478557	0.943584911996937
ENSG00000127423.11	1.18476925728646	3	0.756659542846237	0.999999999795678
ENSG00000117640.18	6.67900165313404	6	0.351555335922988	0.815346100867627
ENSG00000204178.11	2.87578344525355	3	0.411176066930273	0.874821562945621
ENSG00000183726.11	10.2363297473057	6	0.115046011281614	0.45056908862804
ENSG00000169504.15	13.2746262463261	3	0.00407882752458308	0.0518812684811798
ENSG00000117602.12		6	1	
ENSG00000204186.10	9.76624391701404	3	0.0206613187333524	0.15022539100564
ENSG00000242372.9	0.382780520420056	3	0.94377620974534	0.999999999795678
ENSG00000165124.18	1.39654456323296	3	0.706344904400849	0.999999999795678
ENSG00000112514.18	2.69769773585722	9	0.97508568456044	0.999999999795678
ENSG00000117308.15	3.8187219954998	6	0.701192549917767	0.999999999795678
ENSG00000112511.18	0.885891679521592	6	0.989570560589119	0.999999999795678
ENSG00000142676.14	3.18349492922425	6	0.785488954839313	0.999999999795678
ENSG00000204217.15	12.2032701460087	3	0.00671831036449939	0.0711035797976456
ENSG00000106771.13	11.7008888022356	6	0.0689840874059183	0.330636471352011
ENSG00000204219.11	1.59107751989177	3	0.661414620314272	0.999999999795678
ENSG00000204220.12	2.66897988854907	3	0.445524602442885	0.901774786239736
ENSG00000227057.10	0.922958114431822	3	0.819884249085904	0.999999999795678
ENSG00000181704.12	11.4679815970267	3	0.00944667816779383	0.0894580731692482
ENSG00000133216.16	4.58070727516315	6	0.598598488030867	0.998115578458708
ENSG00000070061.16	42.414454586964	9	2.76004473744436e-06	0.000159826304903296
ENSG00000184677.18	7.87485413707964	3	0.0486701521666679	0.265702978865439
ENSG00000204228.4	0.366744064893283	3	0.947023375555714	0.999999999795678
ENSG00000136826.15	2.79810275648197	6	0.833726940193867	0.999999999795678
ENSG00000142798.20	5.51791115197193	6	0.479294547349291	0.926580512635038
ENSG00000112473.18	11.1099364175461	6	0.0850375629211322	0.373097161798385
ENSG00000204231.11	3.18027601282665	3	0.364656573158094	0.830179960289995
ENSG00000070214.16	0.436746837412102	3	0.932551094332004	0.999999999795678
ENSG00000204237.5	9.22835496654443	6	0.161136979089497	0.546766076703955
ENSG00000108094.16	5.45142087970817	12	0.941179597139108	0.999999999795678
ENSG00000001497.17	0.351904384864611	3	0.949988475396873	0.999999999795678
ENSG00000078804.13	4.00076924962013	3	0.261381076868084	0.711795898612549
ENSG00000204256.13	15.8747828380292	12	0.197038794113889	0.609227118185086
ENSG00000162551.14		3	1	
ENSG00000204257.15	9.49543384671938	3	0.0233799862813719	0.163257147961311
ENSG00000240065.8		3	1	
ENSG00000204264.12	0.699616166282794	3	0.873294226926488	0.999999999795678
ENSG00000066697.15	8.87348478698914	9	0.449033790522281	0.903977387574901
ENSG00000204267.16	22.116453961884	9	0.00851713806963246	0.0836950767642549
ENSG00000204271.13	11.6925454999655	12	0.470676893239394	0.921379939815744
ENSG00000204272.13	0.431107814336428	3	0.93374396959569	0.999999999795678
ENSG00000169188.5	4.58569238892596	3	0.204772902240485	0.621060201445421
ENSG00000106799.13	6.45592013167789	9	0.693561793262588	0.999999999795678
ENSG00000204291.11	3.70643696890784	3	0.294958254229629	0.75419912734008
ENSG00000189410.12	6.62852057719169	3	0.0847294616828557	0.372910828372916
ENSG00000213654.10		3	1	
ENSG00000204305.14	12.0888875828914	9	0.208344518693345	0.626734327661205
ENSG00000158825.6	0.460895933676511	3	0.927394473771241	0.999999999795678
ENSG00000204308.8	2.05996888224036	3	0.560053684447204	0.971853640598383
ENSG00000136932.14	7.2666851493168	3	0.063866304110121	0.316832383218336
ENSG00000136937.13	0.532829346077051	3	0.911621966457923	0.999999999795678
ENSG00000040487.13	6.59992430894818	9	0.678693619534654	0.999999999795678
ENSG00000188486.3	45.1607588554034	3	8.55268217970849e-10	1.65087129597373e-07
ENSG00000006638.13	9.62386091752887	3	0.02204954806225	0.157078810316925
ENSG00000127463.15	15.8430338710896	9	0.0702326896542563	0.333878515622436
ENSG00000213676.13	5.51642944010382	3	0.137659250602982	0.498535982096819
ENSG00000127481.15	16.9764307113001	9	0.0490863506225855	0.267510768842244
ENSG00000158122.12	2.69076382493904	6	0.84653702703379	0.999999999795678
ENSG00000081377.17	5.02068223851848	3	0.170288938551068	0.564114281697679
ENSG00000168477.19	0.954151173937134	3	0.812344041650521	0.999999999795678
ENSG00000123600.20	28.1128396514487	12	0.00532555447353323	0.0609806075097937
ENSG00000160584.16	8.63527475480214	6	0.195152650437318	0.605705412364217
ENSG00000204344.14	42.5708109576517	12	2.66866861948809e-05	0.00101097647187804
ENSG00000124313.17	8.58297976603171	15	0.898293998783059	0.999999999795678
ENSG00000198176.13	14.2985090988805	3	0.00252574441692021	0.0372972859525905
ENSG00000204351.12	7.06460083811544	6	0.314914274340752	0.777052806796212
ENSG00000188938.17	2.95050946722404	6	0.815032310441389	0.999999999795678
ENSG00000204356.14	1.0382456734369	3	0.791998730432919	0.999999999795678
ENSG00000165233.18	0.703563442766608	3	0.872365472955304	0.999999999795678
ENSG00000076053.11		6	1	
ENSG00000204371.11	5.46552789264388	6	0.485632881223128	0.928762861070039
ENSG00000095739.11	2.51469562542115	3	0.472641108120437	0.921379939815744
ENSG00000058453.17	32.5008718510708	12	0.00115759762526971	0.0206710219120299
ENSG00000188312.14	19.4559340325704	6	0.00345907288389579	0.0468158662266163
ENSG00000037637.11	6.68319406929095	6	0.351141090135179	0.815346100867627
ENSG00000204379.11	1.13314227964611	3	0.769080024004315	0.999999999795678
ENSG00000132881.12	2.08535188143787	3	0.554881857136043	0.967819968976312
ENSG00000196305.18	0.844140943765524	3	0.838882537164696	0.999999999795678
ENSG00000068650.18	11.4335060929952	9	0.247160026224765	0.691416953969692
ENSG00000204386.11	0.995664960319118	3	0.802300907947326	0.999999999795678
ENSG00000204387.14	14.0453706551925	6	0.0291334343529106	0.190011868301726
ENSG00000110660.15	0.313934806181351	3	0.957386766080684	0.999999999795678
ENSG00000204396.11	7.63911598060213	6	0.265752345605598	0.717672973292667
ENSG00000204410.16	45.1645346520654	12	9.65710736461937e-06	0.000449943502327409
ENSG00000169071.15	3.87172483496761	3	0.275652834363002	0.730777478149397
ENSG00000065526.12	13.1688721698747	3	0.00428528372506232	0.0534473771678157
ENSG00000213722.9	0.32890749782382	3	0.954503157281767	0.999999999795678
ENSG00000150051.14	7.61615371866446	6	0.267594622145459	0.720214488350852
ENSG00000116786.13	24.8504655760116	6	0.000363920511573809	0.00828736962732829
ENSG00000187498.16	37.7413594469872	3	3.2062539421221e-08	3.61015287621998e-06
ENSG00000116138.13	20.7765521962465	6	0.00201210568863368	0.03179754545371
ENSG00000130045.16	5.89208093316427	3	0.116980411613343	0.455504417362809
ENSG00000106723.17	0.981540529341146	3	0.805718480375234	0.999999999795678
ENSG00000240053.8	0.643653497727428	3	0.886370138770188	0.999999999795678
ENSG00000263020.6	2.12526879121651	3	0.546817654300936	0.964597935582882
ENSG00000107897.19	3.31927830172026	9	0.950281390908962	0.999999999795678
ENSG00000204438.11	4.70005813072567	6	0.582817138588945	0.988468333694913
ENSG00000134899.23	7.21816246839808	6	0.301142185946744	0.763402032980067
ENSG00000204469.13	14.0457633899496	6	0.0291291181507075	0.190011868301726
ENSG00000171729.14	0.0339886126362217	3	0.998350338094118	0.999999999795678
ENSG00000151287.17	1.96859938497437	6	0.922563724394932	0.999999999795678
ENSG00000134900.12	13.0233067493573	9	0.161554489567826	0.547248152515622
ENSG00000107890.17	3.67351164615366	3	0.298945618598339	0.76021083123486
ENSG00000125968.9	4.13011439755792	3	0.247752563739524	0.691847773351085
ENSG00000204498.11	0.573868695079	3	0.902387600690372	0.999999999795678
ENSG00000198563.14	11.4687794439378	3	0.00944319276082515	0.0894580731692482
ENSG00000148459.16	1.27404522091638	3	0.73530532691648	0.999999999795678
ENSG00000204525.16	2.15019255873631	6	0.905379963818369	0.999999999795678
ENSG00000137310.12	0.958865042553953	3	0.811203979437352	0.999999999795678
ENSG00000204536.14	2.7124628267793	6	0.843973036419631	0.999999999795678
ENSG00000175198.17	8.12172933842521	9	0.521926984410337	0.950985646027984
ENSG00000149243.15	3.65622888375765	3	0.301057826070085	0.763402032980067
ENSG00000012211.13	17.4026845402532	9	0.042770958730834	0.247851438478107
ENSG00000166263.13	7.71923239745047	6	0.259403104623766	0.710747462313208
ENSG00000185875.13	0.514237949601466	3	0.915752445050131	0.999999999795678
ENSG00000165113.13	0.415939790850644	3	0.936930376741842	0.999999999795678
ENSG00000011258.16	1.11275951551806	3	0.7739948130355	0.999999999795678
ENSG00000137337.15	2.36076516431785	6	0.883713252258091	0.999999999795678
ENSG00000068400.13	1.51817603564996	3	0.678081709245441	0.999999999795678
ENSG00000144134.18	1.04241978775917	3	0.79098911725894	0.999999999795678
ENSG00000196781.16	2.94860889509346	6	0.815268788010132	0.999999999795678
ENSG00000177000.13	1.09078653162896	6	0.981935424734888	0.999999999795678
ENSG00000204569.10	7.2952997958273	3	0.0630580481197104	0.314925265944673
ENSG00000102572.14	13.5355839309123	6	0.0352767934239929	0.215898363727423
ENSG00000204576.12	6.5367294745447	6	0.365819295665512	0.831463567957752
ENSG00000126768.12	2.66938817841583	3	0.445454543758425	0.901774786239736
ENSG00000204590.12	4.33100941212615	6	0.631977196420425	0.999999999795678
ENSG00000204599.14	12.878892983159	9	0.168163235953414	0.560106554590932
ENSG00000168283.14	2.6215899751187	3	0.453717111157397	0.907770143176953
ENSG00000185352.8	3.56702707634213	3	0.312172416800539	0.774456790744255
ENSG00000102595.20	5.09276609211884	3	0.165129026692754	0.554726727384667
ENSG00000068354.16	1.55368940255175	3	0.669935410829167	0.999999999795678
ENSG00000206503.13	1.18370135192527	3	0.756915996209175	0.999999999795678
ENSG00000120942.14	7.16566764770869	3	0.066800708385012	0.324375514609243
ENSG00000204628.12	0.0557872294448316	3	0.996553612025355	0.999999999795678
ENSG00000156017.13		6	1	
ENSG00000204634.12	9.19074657271995	12	0.686557566009906	0.999999999795678
ENSG00000224531.6	14.5991996491612	3	0.00219326246165467	0.033548639201197
ENSG00000147118.12	0.58761460620326	3	0.899261780342371	0.999999999795678
ENSG00000116649.10	5.25442805167404	3	0.154086969883691	0.530806656790997
ENSG00000125814.17	6.71469247994946	6	0.348039930391509	0.811492584320956
ENSG00000160049.12	3.62775799633164	3	0.3045664207402	0.76746816952947
ENSG00000135048.14	4.03613583320839	3	0.257588457957722	0.707648128994662
ENSG00000089094.19	4.52084144459786	9	0.87392101193426	0.999999999795678
ENSG00000078114.19	11.0225918550773	6	0.0876807082795277	0.38093649626052
ENSG00000173614.14	0.791919926870378	3	0.85139868831814	0.999999999795678
ENSG00000162441.12	8.23999684449336	6	0.221042574440138	0.646228687697871
ENSG00000087206.17	7.03701178732445	6	0.31743793698158	0.779015272989526
ENSG00000178585.15	1.71867052232301	3	0.632790919833102	0.999999999795678
ENSG00000110046.13	2.05320629519883	6	0.91474071873036	0.999999999795678
ENSG00000165060.15	0.298788948352012	3	0.960256085321001	0.999999999795678
ENSG00000101343.15	5.54083233886377	3	0.136216687003515	0.495121150103052
ENSG00000215126.10	12.8318460392538	12	0.38138045897993	0.847779375089194
ENSG00000142583.18	14.496676454854	6	0.0245542438061909	0.169413833648331
ENSG00000125821.13	1.28225300244912	3	0.733351528723719	0.999999999795678
ENSG00000102805.16	9.21543581706646	9	0.41763008773973	0.880324264510138
ENSG00000105483.18	5.56749999933027	6	0.473336246989045	0.921768413521034
ENSG00000136738.15		3	1	
ENSG00000115307.17	3.53057685383828	6	0.739897234692334	0.999999999795678
ENSG00000231527.7	2.20443293730341	3	0.531075748688974	0.955912765235681
ENSG00000204852.16	7.32205421444814	12	0.835617849847869	0.999999999795678
ENSG00000162413.16	10.9095632956723	3	0.0122250886887601	0.105772458911183
ENSG00000124549.14	0.131819711661137	6	0.999954577908964	0.999999999795678
ENSG00000204856.12	0.231610372866271	3	0.972331855031228	0.999999999795678
ENSG00000149474.13	14.3520760779029	9	0.110340825658129	0.437638490024683
ENSG00000158406.5	5.87786638231592	6	0.437009858516622	0.895787338304489
ENSG00000089006.16	89.2040507010679	6	4.43336580487765e-17	2.24633103625894e-14
ENSG00000083520.15	2.22496590360606	6	0.897889603767977	0.999999999795678
ENSG00000136122.18	14.846703475896	3	0.00195244981623195	0.0310362954121421
ENSG00000066827.16	8.7246687531499	3	0.0331846477757135	0.20678550308817
ENSG00000125864.14	2.10048825037939	3	0.551813993277518	0.966210808531499
ENSG00000158286.13	13.8968797067391	15	0.533363995249472	0.957840560023883
ENSG00000204922.5	0.590349790953042	3	0.898637971137945	0.999999999795678
ENSG00000122707.12	5.58382974490723	6	0.471383201750764	0.921379939815744
ENSG00000147050.16	10.4711173953992	6	0.106163389319111	0.425861750227626
ENSG00000137103.20	7.54340567711097	6	0.273497832349004	0.728399121830939
ENSG00000204946.10	4.97203650242818	6	0.547404634558082	0.964597935582882
ENSG00000136100.14	9.66034509626752	6	0.139703723469463	0.503591856899483
ENSG00000101247.18	15.7303560386863	9	0.0727304790882085	0.340348322128312
ENSG00000070610.14	31.393009786967	9	0.000253406320415288	0.00620840448734961
ENSG00000204954.10	21.8627145775608	12	0.0390875709953556	0.231470371117128
ENSG00000152465.18	3.99189543196371	9	0.91194513866991	0.999999999795678
ENSG00000147044.22	21.6387070045839	12	0.0417742672349208	0.244346309143941
ENSG00000064313.12	0.238260990779054	3	0.971188382356875	0.999999999795678
ENSG00000152464.15	5.21936377142993	9	0.814781781072462	0.999999999795678
ENSG00000182197.12	3.80376586021521	6	0.703211991221902	0.999999999795678
ENSG00000116198.14	12.3122172787625	15	0.655259397464358	0.999999999795678
ENSG00000204991.11	3.169351833767	3	0.366244227941816	0.831467058342082
ENSG00000130764.10	2.47069334027037	3	0.480610742816571	0.926580512635038
ENSG00000188493.15	3.73071603023891	6	0.713063132079654	0.999999999795678
ENSG00000198931.11	0.332644661131781	3	0.953776397007054	0.999999999795678
ENSG00000130762.15	0.700156083303227	3	0.873167236076512	0.999999999795678
ENSG00000132623.16	5.2769185985469	3	0.152607139499253	0.5278187735313
ENSG00000102531.16	23.8474707636333	6	0.000557090938151326	0.0117003529419503
ENSG00000137135.18	11.4516445956942	9	0.246016010923673	0.689883016450437
ENSG00000157870.17	11.2624741267764	6	0.080595283171344	0.361411180109299
ENSG00000182220.15	8.20340580347693	6	0.223576881865334	0.650264058683252
ENSG00000030066.13	4.5704096965419	3	0.206095231611348	0.623013757103536
ENSG00000157881.16	9.96033252872439	6	0.126332472991533	0.475165736132731
ENSG00000143919.15	2.14922418871538	3	0.542018738020348	0.962362222761928
ENSG00000198722.14	0.326877115558091	3	0.954896845404318	0.999999999795678
ENSG00000205060.11	23.1102457128454	9	0.00595341185153755	0.0653987938759009
ENSG00000116151.14	9.12309016799372	9	0.425990415083856	0.886868247313846
ENSG00000101955.15	13.8928375161008	6	0.0308564063161863	0.19756209354678
ENSG00000136156.15	3.79342139867367	6	0.704608292657801	0.999999999795678
ENSG00000067606.17	6.29820629332062	6	0.39062714325323	0.858680653566686
ENSG00000078369.18	2.56235402988386	3	0.464127626655749	0.915271872852872
ENSG00000134569.10	0.571907877242666	3	0.902832212586624	0.999999999795678
ENSG00000130962.18	7.49680237906705	3	0.057640669475829	0.296693909486061
ENSG00000221829.10	2.58299042873841	3	0.460479350795412	0.912152391391972
ENSG00000205078.6	0.528568622223247	3	0.912571646349561	0.999999999795678
ENSG00000164405.11	1.60148147237487	3	0.659053952444287	0.999999999795678
ENSG00000065328.16	0.894564183783587	3	0.826739394732296	0.999999999795678
ENSG00000138050.15	7.8579334874994	6	0.248697366726468	0.69332515545099
ENSG00000131437.15	4.90497274854806	9	0.842512065789945	0.999999999795678
ENSG00000133858.17	10.8327070410342	3	0.0126657564732068	0.108427970146027
ENSG00000113522.14	2.91964680227102	3	0.404180698513893	0.869314036265377
ENSG00000213930.12	6.94328169940127	6	0.326124366767343	0.788687446008078
ENSG00000183049.13	3.75126077515142	6	0.710294870648403	0.999999999795678
ENSG00000166181.13	0.794941643805942	3	0.850676539119397	0.999999999795678
ENSG00000205133.12	23.4336186613637	21	0.321301574712825	0.783375732432276
ENSG00000088766.12	2.54290870644036	3	0.467586403454783	0.918330388321893
ENSG00000135362.14	29.8311500376876	18	0.039120773296527	0.231497889864923
ENSG00000107404.20	0.903887467953609	3	0.824489573566018	0.999999999795678
ENSG00000167536.14	3.94597865179458	3	0.267356855746558	0.72008705300244
ENSG00000165609.13	21.5789051933971	6	0.00144301548644692	0.0242205518605077
ENSG00000198814.12	11.9252579776448	6	0.0636571293493226	0.3164122303096
ENSG00000119787.14	83.4849086665709	12	8.89376690070387e-13	2.67043586162986e-10
ENSG00000125772.14	1.56321606250674	3	0.667758786142158	0.999999999795678
ENSG00000169972.12	0.687170550259907	3	0.876217336328491	0.999999999795678
ENSG00000101868.12	31.5266047623391	6	2.01055827086977e-05	0.000814979795097063
ENSG00000101290.14	8.4802146954753	6	0.204988840932153	0.621482622826088
ENSG00000205189.12	0.339769181273937	3	0.952383370321629	0.999999999795678
ENSG00000076554.15	23.0476895924658	12	0.0273237902526909	0.182918222608229
ENSG00000288558.2		6	1	
ENSG00000067992.16	23.1216075327184	3	3.80933177593775e-05	0.00134270663945771
ENSG00000050393.11	21.0079248903639	3	0.000104877981357239	0.00298331857846714
ENSG00000186638.16	2.72340457058112	3	0.436264574326753	0.895391621282781
ENSG00000205208.5	2.53086647728651	3	0.469738637321052	0.920292685539334
ENSG00000134463.15	20.0631358333139	6	0.00269863417037385	0.0389562667875722
ENSG00000120675.6	0.428640859019652	3	0.93426443975271	0.999999999795678
ENSG00000184831.14	1.72337476481334	3	0.631749615466375	0.999999999795678
ENSG00000205221.12	9.83898886593306	9	0.363676666778173	0.829638650484069
ENSG00000130066.16	255.981110886787	15	7.26740142827773e-46	5.89168233790476e-42
ENSG00000131591.17	0.821089347578891	3	0.844416373393502	0.999999999795678
ENSG00000168255.20		9	1	
ENSG00000205250.9	0.737062547748792	3	0.86445374930456	0.999999999795678
ENSG00000186687.16	14.710399076399	6	0.0226327901425339	0.159551330161324
ENSG00000095951.17	2.11219664826785	3	0.549449241999758	0.966210808531499
ENSG00000172766.19	23.4658975594066	12	0.0240211635276627	0.166567868124785
ENSG00000205268.11	8.88373737813799	6	0.18022295102187	0.578411505912233
ENSG00000171867.17	3.28733861471846	3	0.349408765111694	0.813280751869224
ENSG00000076108.11	6.4091858640586	6	0.378946010421015	0.844898760493892
ENSG00000205302.7	2.17844469122065	6	0.902577149949374	0.999999999795678
ENSG00000151657.12	8.55198306758121	6	0.200385733508887	0.613955835811242
ENSG00000177189.14	3.28357745902486	6	0.772504965304841	0.999999999795678
ENSG00000173674.11	3.83385109160736	3	0.279973157781781	0.737168687930139
ENSG00000145782.13	1.75146369457798	3	0.625553492102186	0.999999999795678
ENSG00000188811.14	6.41007311886642	9	0.698277728497827	0.999999999795678
ENSG00000164221.13	2.19488326696774	3	0.532956911138124	0.957385703212224
ENSG00000140859.16	0.0250168315178598	3	0.998955495798349	0.999999999795678
ENSG00000124786.11	2.51038408120075	6	0.867303715946535	0.999999999795678
ENSG00000140854.13	0.468590031687199	3	0.925735825045505	0.999999999795678
ENSG00000147010.18	0.383317754830387	3	0.943666682275744	0.999999999795678
ENSG00000107262.25	4.62901849427726	6	0.592194885779295	0.994083657595352
ENSG00000124802.12	3.32062659930671	3	0.344782108626557	0.807155444436577
ENSG00000140465.14	2.17321883058958	3	0.537242671933376	0.960356303554987
ENSG00000170222.12	4.48027599225134	6	0.611971793815511	0.999999999795678
ENSG00000205352.11	1.65673320638598	3	0.646595436412399	0.999999999795678
ENSG00000096696.14	0.214694733542274	3	0.97518291360208	0.999999999795678
ENSG00000205363.5	1.30588797774726	3	0.727735394727084	0.999999999795678
ENSG00000166233.15	6.24851966366987	6	0.395934473635359	0.863127439395536
ENSG00000134453.16	14.3447260574612	12	0.279238488133565	0.736452577794896
ENSG00000164308.17	0.473861323612937	3	0.924595272552291	0.999999999795678
ENSG00000044446.12	4.48705220993179	6	0.611067065597345	0.999999999795678
ENSG00000205726.15	15.9882645729867	9	0.0671270589607507	0.325283363415903
ENSG00000134470.21	6.88404930929119	6	0.331703577629926	0.792794475177161
ENSG00000164292.13	1.03994406125275	3	0.791587923349396	0.999999999795678
ENSG00000147894.17	1.44203485018852	3	0.69571177874217	0.999999999795678
ENSG00000164291.17	2.97353613856831	3	0.395723405774493	0.863096489269252
ENSG00000132256.19	10.2460531821016	12	0.594384256743546	0.995586581891105
ENSG00000047634.15	22.2000523711267	6	0.00111382944878314	0.0201131797399346
ENSG00000188158.16	4.49631448765558	3	0.212619262324696	0.634146499714015
ENSG00000125434.11	4.18514853062334	9	0.898809163031148	0.999999999795678
ENSG00000133119.13	0.290035877515038	3	0.961891439093743	0.999999999795678
ENSG00000170545.17	6.40463566715152	9	0.698836394724032	0.999999999795678
ENSG00000139618.16		3	1	
ENSG00000138085.17	0.553923898667563	3	0.906894527718265	0.999999999795678
ENSG00000205476.9	17.7713664581843	9	0.0379206779910067	0.226880395921101
ENSG00000170037.14	12.662153882171	9	0.17849869317096	0.575679026564556
ENSG00000145945.7	3.75198393449318	3	0.28952082174623	0.747736636475529
ENSG00000168994.14	0.318615324900748	3	0.95649025274668	0.999999999795678
ENSG00000137266.14	0.541105598817921	3	0.909772208622349	0.999999999795678
ENSG00000171843.17	10.9292002142829	9	0.280593156149042	0.737477091991469
ENSG00000186312.10	1.49682722394209	9	0.997170238534774	0.999999999795678
ENSG00000137274.13	30.9208972410634	12	0.00202546419848507	0.0319463779321371
ENSG00000169957.10	6.44775762774953	3	0.0917457403778852	0.390437121912606
ENSG00000087842.11	0.778819653001847	3	0.854526093807253	0.999999999795678
ENSG00000215305.10	5.41086297638867	6	0.492294909635351	0.935544967748193
ENSG00000205517.13	7.33434357640635	9	0.602352827896018	0.999999999795678
ENSG00000120915.14	7.88197238269049	6	0.246878501501281	0.691272964023067
ENSG00000102048.16	5.44255027425243	6	0.488427300121406	0.931470271014876
ENSG00000147874.11		3	1	
ENSG00000124570.21	6.67546287592268	6	0.3519052679087	0.815346100867627
ENSG00000205531.13	1.20305251720129	3	0.752272285415019	0.999999999795678
ENSG00000185710.9	12.8736746032705	6	0.0450864451051416	0.254266410571828
ENSG00000102781.14	8.08787081020228	3	0.0442301626882248	0.251454368101991
ENSG00000104765.16	28.4336176500237	6	7.78407655503626e-05	0.00233724106043255
ENSG00000044459.15	1.95819068973697	6	0.923503329532916	0.999999999795678
ENSG00000101911.13	1.3475421450712	3	0.717875860608759	0.999999999795678
ENSG00000182093.16	5.04398175347524	3	0.168604768412569	0.560885866852973
ENSG00000205559.5	0.674933047348986	6	0.995016141312123	0.999999999795678
ENSG00000164985.15	4.92068532982376	12	0.960575724222885	0.999999999795678
ENSG00000129757.14	3.63455327184329	6	0.725990374087193	0.999999999795678
ENSG00000132522.16	2.1895501578183	3	0.534009596185185	0.958003052948283
ENSG00000183474.15	12.2481051844661	9	0.199680976712652	0.613919809600279
ENSG00000021355.13	10.79310879697	3	0.0128988712726048	0.1094985857665
ENSG00000205571.14	6.17197255189967	6	0.404204111652773	0.869314036265377
ENSG00000205572.10	2.33928608586575	3	0.505036541542091	0.943584911996937
ENSG00000151632.17	0.822609868366271	3	0.844051756993734	0.999999999795678
ENSG00000124535.16	1.48089579653606	3	0.686686537556542	0.999999999795678
ENSG00000164975.15	11.8886363654128	6	0.0644998040148758	0.317872286412522
ENSG00000085231.14	5.14468401232443	9	0.821517739134106	0.999999999795678
ENSG00000187134.14	0.639934571358481	6	0.995696775811192	0.999999999795678
ENSG00000145740.19	5.88986335736627	6	0.435640200805792	0.894963347404929
ENSG00000047644.19	14.3807519026986	3	0.00243013692252309	0.0362152941744388
ENSG00000073169.14	3.98667659724015	3	0.262906415427491	0.713937819027338
ENSG00000147862.17	1.29103511270432	3	0.731262970682504	0.999999999795678
ENSG00000152520.14	5.41306983734239	3	0.143931448440862	0.511634427117321
ENSG00000101849.17	3.15381504879042	9	0.957882967036471	0.999999999795678
ENSG00000123213.23	1.16531313064297	3	0.761335102479948	0.999999999795678
ENSG00000197860.10	8.48279249967209	3	0.037019687585426	0.223557408107817
ENSG00000100416.15	6.48439481408423	3	0.090279969709702	0.386023056137423
ENSG00000006757.12	1.19443158055219	3	0.754340156221631	0.999999999795678
ENSG00000068796.19	10.2504909959516	6	0.114491969296197	0.449418478669291
ENSG00000285756.2	26.0234418755936	15	0.037777001345992	0.226187703036896
ENSG00000122033.14	16.472147867069	6	0.0114320682843537	0.101289374405744
ENSG00000167842.16	2.07640523328155	3	0.556700873828787	0.969324309306267
ENSG00000002586.20		6	1	
ENSG00000002586.20_PAR_Y	13.9159317197336	6	0.0305894815193454	0.196504696257792
ENSG00000214717.12	9.50279833865716	9	0.392212721936417	0.860264113564833
ENSG00000214717.12_PAR_Y	7.75083888333393	6	0.256931723818592	0.706925341748577
ENSG00000123106.10	9.47554759177365	15	0.851370276379922	0.999999999795678
ENSG00000087448.11	11.1559541751008	6	0.0836744225546303	0.369672230872146
ENSG00000169093.16	2.33988676162971	3	0.504922756549764	0.943584911996937
ENSG00000169093.16_PAR_Y	3.13707541483427	3	0.370969879734756	0.83721279299547
ENSG00000134851.13	1.00947968271794	3	0.798958168302276	0.999999999795678
ENSG00000066654.14	16.3431372645573	6	0.0120260379955785	0.104608465697591
ENSG00000125835.19	1.40315993927652	3	0.704794191278194	0.999999999795678
ENSG00000067064.11	0.500311235693516	3	0.918823029209906	0.999999999795678
ENSG00000205707.11	5.75083146933321	9	0.764573867213644	0.999999999795678
ENSG00000103540.16	5.55122967575608	9	0.78385611084614	0.999999999795678
ENSG00000163069.13	13.4023509832123	3	0.00384257051040631	0.0500027594347736
ENSG00000205730.6	2.75579640411161	3	0.430828402482545	0.89077425629329
ENSG00000183354.12	1.01079035087662	3	0.79864103307885	0.999999999795678
ENSG00000066117.15	4.28474490563531	6	0.638203163334274	0.999999999795678
ENSG00000214026.11	5.47604515435523	3	0.140078423419073	0.504397426436111
ENSG00000132964.12	2.69383289121015	6	0.846175194628531	0.999999999795678
ENSG00000167393.18		9	1	
ENSG00000167393.18_PAR_Y	15.844901451957	6	0.0146111021167511	0.117498264381642
ENSG00000122643.22	21.6514525158345	6	0.00140012529086914	0.0237464764290296
ENSG00000182378.14		12	1	
ENSG00000182378.14_PAR_Y		9	1	
ENSG00000205771.6	0.989997927636409	3	0.803672145319585	0.999999999795678
ENSG00000100129.18	6.05043307985761	9	0.734860310065622	0.999999999795678
ENSG00000088832.17	2.99075984235969	6	0.810005673106335	0.999999999795678
ENSG00000139496.16	0.584787952055194	3	0.899905821968804	0.999999999795678
ENSG00000120158.12	11.550865311232	3	0.00909129901366768	0.086923440582304
ENSG00000248932.6	39.8042586564497	9	8.244727696861e-06	0.000393176514343836
ENSG00000106993.12	0.420235150883855	3	0.936031384632076	0.999999999795678
ENSG00000151849.15	8.69576871417303	6	0.191424526354351	0.600317486007164
ENSG00000169299.14	4.32936090059229	6	0.632198861446656	0.999999999795678
ENSG00000104723.21	5.68775914327125	9	0.770716045843511	0.999999999795678
ENSG00000168724.17	2.64455365449612	3	0.449732198175735	0.904036432087946
ENSG00000080608.10	4.01535564022925	3	0.25981076517146	0.71080667423538
ENSG00000100284.21	0.117327135229061	3	0.989679957646991	0.999999999795678
ENSG00000147852.16	26.8257084856114	6	0.0001561086822298	0.00414941995684258
ENSG00000100150.20	17.1606129337424	9	0.0462594029499447	0.257706484072336
ENSG00000205861.13	1.38527171185137	3	0.70899072661128	0.999999999795678
ENSG00000027001.10	9.94567426393223	3	0.0190336138321787	0.142479692832385
ENSG00000205885.7	3.92315847916325	9	0.916396799777167	0.999999999795678
ENSG00000163257.11	11.9189859644721	6	0.0638007240050267	0.316832383218336
ENSG00000205903.7	4.48020425397226	3	0.21406283393527	0.635913299638415
ENSG00000162078.11	0.532025772681664	3	0.91180121295833	0.999999999795678
ENSG00000125841.13	10.6048436561032	3	0.014066290609182	0.114149567536175
ENSG00000151835.16	9.02773146143454	3	0.0289244447786122	0.189647464251942
ENSG00000205913.7	0.0376202184521617	3	0.998081090151832	0.999999999795678
ENSG00000155034.19	1.71603435423276	3	0.633374895189725	0.999999999795678
ENSG00000177030.17	8.10289122261384	9	0.523811492730037	0.952697530593363
ENSG00000129493.15	9.35071729757692	3	0.0249736742851238	0.171868911230474
ENSG00000150459.12	0.789545667998027	3	0.851965903029956	0.999999999795678
ENSG00000205981.8	6.58002286116243	6	0.361436404909414	0.827514591791538
ENSG00000171421.13	1.10193718317896	3	0.776606460575269	0.999999999795678
ENSG00000180185.11	1.99673941465153	3	0.573083726931602	0.981823705459531
ENSG00000188549.12		12	1	
ENSG00000142082.15	13.8775993622821	9	0.126746358031291	0.475709594703554
ENSG00000150456.11	8.81734864675991	3	0.0318205373889579	0.200910511380282
ENSG00000102854.16	13.1326575249186	9	0.156694954266665	0.536908704243388
ENSG00000121741.16	10.3011611851707	9	0.326659217055375	0.789101988280074
ENSG00000206195.11	17.9883326539639	15	0.263279445604329	0.713937819027338
ENSG00000184702.20	5.79926087505828	6	0.446048710105013	0.901774786239736
ENSG00000206262.9	1.64667535974513	6	0.949163326725582	0.999999999795678
ENSG00000134490.14	3.42522687586211	3	0.33059021288327	0.792478416921895
ENSG00000206344.7	0.775244587309999	3	0.855378571474108	0.999999999795678
ENSG00000183323.13	6.48471302931648	9	0.690595371668861	0.999999999795678
ENSG00000206417.8	1.05415725615694	3	0.788150604675561	0.999999999795678
ENSG00000183624.14	3.63685027471365	9	0.93364985181669	0.999999999795678
ENSG00000206562.12	3.92488695306747	9	0.91628630209236	0.999999999795678
ENSG00000156990.14	1.23347682104941	3	0.744986888460348	0.999999999795678
ENSG00000156983.16	5.75665998297518	9	0.764004102111619	0.999999999795678
ENSG00000197885.11	4.46363866692445	3	0.215556657127511	0.638086441960513
ENSG00000164074.15	3.04623946737343	6	0.803021320290744	0.999999999795678
ENSG00000205336.13	8.95017229751102	6	0.176399799724958	0.572777860794597
ENSG00000145388.15	19.7543239547886	9	0.0194905895923701	0.144830623121306
ENSG00000184178.16	3.68059557573724	6	0.719807568902897	0.999999999795678
ENSG00000106133.18	60.7987832056406	9	9.40323136911733e-10	1.77283713277754e-07
ENSG00000007202.15	3.78717504976521	3	0.285381415992908	0.742438416212641
ENSG00000074356.17	5.12941130354739	9	0.822884329241744	0.999999999795678
ENSG00000205309.14	3.72057604303973	9	0.928822752003572	0.999999999795678
ENSG00000211455.8	1.3602117193459	3	0.714887243358336	0.999999999795678
ENSG00000172795.17		9	1	
ENSG00000204764.14	10.1839975174325	6	0.117114291758853	0.455588082192429
ENSG00000205423.11		3	1	
ENSG00000204842.18	33.4744827497125	9	0.000110384792601739	0.00309728442299589
ENSG00000144395.18	6.64236468045419	12	0.880315000500787	0.999999999795678
ENSG00000166450.13	8.38525777682253	3	0.038685759339972	0.229930682528704
ENSG00000167632.17	5.02372633372124	6	0.540773658231064	0.961625805501039
ENSG00000087152.15	8.79735232460189	9	0.456186906360783	0.90934527904275
ENSG00000075399.14		6	1	
ENSG00000118058.23	0.885507693026739	3	0.82892365308986	0.999999999795678
ENSG00000170921.15	6.90134092300923	3	0.0751097463481061	0.345832395382395
ENSG00000197608.11	9.73354451525915	6	0.136330858208005	0.495176643141711
ENSG00000080200.10	6.68014155792548	3	0.0828225655104763	0.367083608103398
ENSG00000179954.16	9.78775939094896	3	0.0204591488143505	0.149156762084478
ENSG00000137815.14	8.994419325938	6	0.173892167435828	0.569363409290088
ENSG00000168803.16	11.0159174648888	9	0.274619453430389	0.729540119466787
ENSG00000048342.17	1.00415217309819	6	0.985454430484708	0.999999999795678
ENSG00000146267.12	1.31796903340728	3	0.724870638645479	0.999999999795678
ENSG00000211460.12	18.1513038322737	9	0.0334581762598482	0.207850907998919
ENSG00000133794.19	13.1816857042336	6	0.0402397958635178	0.237081413565072
ENSG00000155275.19	7.3903843970229	3	0.0604428569023622	0.306256400567156
ENSG00000144283.22	16.1779143927561	9	0.0632579500382915	0.315201106920977
ENSG00000187775.17	0.256646197149621	3	0.967964673735022	0.999999999795678
ENSG00000163945.18	12.7515353697876	3	0.00520592743742528	0.0602060680958727
ENSG00000090061.17	35.3562474328664	9	5.15488793923193e-05	0.00166496719216547
ENSG00000203288.4	6.5623520954619	3	0.0872356606322676	0.379409603404396
ENSG00000011275.19	2.51171286791214	3	0.473178024359848	0.921768413521034
ENSG00000133983.16	0.565155578762642	3	0.904360773665338	0.999999999795678
ENSG00000152102.18	3.21600306863184	3	0.359505586560716	0.82594152105665
ENSG00000140104.14	17.9872106903895	15	0.263338530825849	0.713937819027338
ENSG00000068878.15	6.68191045018648	6	0.351267885428068	0.815346100867627
ENSG00000288596.1	3.77620809879363	3	0.286665683064754	0.743679581633908
ENSG00000141376.22	3.1258299252172	3	0.37262860783349	0.83960537067985
ENSG00000182185.18	11.8591526271671	9	0.221366595158888	0.646709544847966
ENSG00000178935.5	1.08106945026702	3	0.781645846726598	0.999999999795678
ENSG00000083828.16	11.6857985289562	9	0.231607543851079	0.663243503355952
ENSG00000131848.9		9	1	
ENSG00000197483.10	3.93853129838499	6	0.684994640460104	0.999999999795678
ENSG00000167646.14	28.3985426681247	12	0.00483511797410561	0.057217116598061
ENSG00000105619.13	1.92738079740593	3	0.587615032374599	0.991396525909837
ENSG00000182986.14	19.3308379615473	12	0.0808510491257947	0.362332479415599
ENSG00000104960.15	15.512318970912	9	0.0777909120832644	0.353702144845219
ENSG00000126457.21	0.0471668400568888	3	0.997313808459657	0.999999999795678
ENSG00000177614.11	0.261987400749604	3	0.967011544453749	0.999999999795678
ENSG00000163283.7	0.526734035243862	3	0.912980006883837	0.999999999795678
ENSG00000218739.10	3.43152626679876	3	0.329752123319882	0.792478416921895
ENSG00000186017.14	11.49619512968	12	0.486939799749341	0.930376669011414
ENSG00000197841.15	18.5845125387841	12	0.099060947079202	0.407244978687166
ENSG00000141580.16	1.83707455875265	3	0.606900519918399	0.999999999795678
ENSG00000141526.17	0.107698399573565	3	0.99089784806513	0.999999999795678
ENSG00000132341.12	7.51015169592574	12	0.822144504384859	0.999999999795678
ENSG00000006016.11	9.2976153344207	9	0.410267674228179	0.873893861000485
ENSG00000170035.16	8.65503681179689	3	0.0342469884713422	0.211258746790053
ENSG00000152492.15	10.0387910597965	3	0.018239258919648	0.138710761783852
ENSG00000129657.16	8.83996492073675	6	0.182780388629336	0.583845788265576
ENSG00000170144.20	18.6266097513726	9	0.0285617166654709	0.188251172483006
ENSG00000111445.14	0.177954938611947	3	0.981067123131753	0.999999999795678
ENSG00000136518.17	1.15230800511199	3	0.764464042190592	0.999999999795678
ENSG00000154265.16	2.65724091750667	3	0.447542725636542	0.902688406938908
ENSG00000150455.13	1.10429601722171	3	0.776037110482909	0.999999999795678
ENSG00000134910.14	3.17144560057204	9	0.957107791904181	0.999999999795678
ENSG00000114209.15	0.397491060459288	3	0.940760294057772	0.999999999795678
ENSG00000164889.14	2.58131529128877	3	0.460774637653982	0.912210009147945
ENSG00000196405.13	12.0600689607827	6	0.0606420777609833	0.306715370703428
ENSG00000219481.10	3.71459810059787	6	0.715233482956706	0.999999999795678
ENSG00000151572.18	2.42664859188471	6	0.876584841452728	0.999999999795678
ENSG00000162836.12	24.7868194166949	12	0.0158660085408706	0.124276068831727
ENSG00000175066.16	14.9371187936395	18	0.666280189837682	0.999999999795678
ENSG00000214182.5	11.8723165556257	3	0.00783359742333279	0.0791857535049363
ENSG00000151532.14	8.80042921613313	6	0.185116782210416	0.589682417830978
ENSG00000115107.20	5.54139537212359	6	0.476467698753992	0.924760266650374
ENSG00000122783.16	0.36635070797638	6	0.999106567305365	0.999999999795678
ENSG00000165948.11	0.244527535054658	3	0.970099755086805	0.999999999795678
ENSG00000196954.14		3	1	
ENSG00000172765.17	16.3928549454586	6	0.0117936986495025	0.103587773511936
ENSG00000187109.15	33.0479274268146	15	0.0046227445925827	0.0556789755936142
ENSG00000056050.7	1.60471200682878	3	0.658321876317891	0.999999999795678
ENSG00000221955.10	7.728326263079	9	0.561739243323518	0.972457835922221
ENSG00000144182.17	7.15634432007664	9	0.620845555324885	0.999999999795678
ENSG00000135272.12	10.0935932747443	6	0.120765535098119	0.464663594228974
ENSG00000233175.2	0.690771584509889	3	0.875372389444813	0.999999999795678
ENSG00000040199.18	3.52012640113708	3	0.318161160296275	0.77987443874025
ENSG00000061987.16	4.69208058671666	9	0.860282163270253	0.999999999795678
ENSG00000223705.9	36.3046202754631	15	0.00159736347835305	0.026428215753078
ENSG00000068120.15	12.1192831349908	6	0.0593600381074156	0.302661527633219
ENSG00000173786.17	0.13651009050227	3	0.987121959910863	0.999999999795678
ENSG00000141698.17	20.9003692798251	3	0.000110412630843199	0.00309728442299589
ENSG00000144824.21	3.52398039815307	9	0.93986681175353	0.999999999795678
ENSG00000173227.14	0.873608685953514	3	0.831791512113875	0.999999999795678
ENSG00000119636.16	2.86536961104582	3	0.412851656336929	0.87652155314564
ENSG00000114423.23	11.4644980861627	6	0.0750385122328771	0.345832395382395
ENSG00000065911.12	3.39966346125584	6	0.757267625899458	0.999999999795678
ENSG00000114021.12	6.45638925976527	6	0.374050600087242	0.840473452025297
ENSG00000185551.15	4.6384021664453	6	0.590953482033523	0.993542073588919
ENSG00000173575.22	125.307794404027	9	1.09138384860032e-22	6.80603758507907e-20
ENSG00000109390.13	2.25132333085639	3	0.521910144843281	0.950985646027984
ENSG00000213445.10	6.93112816350822	3	0.0741256520522798	0.343254580267725
ENSG00000141741.12	22.7987129131216	6	0.000866774908013034	0.0165729815548624
ENSG00000166965.12	6.73275323690905	6	0.346270645831636	0.809229208923918
ENSG00000140553.18	2.57600285698572	6	0.859866647240422	0.999999999795678
ENSG00000196975.16	1.60872680709872	6	0.95194795934861	0.999999999795678
ENSG00000213462.5	1.26728512524369	3	0.736915812302816	0.999999999795678
ENSG00000100650.16	23.3327101251925	9	0.00549079719842547	0.0625195124826338
ENSG00000005194.15	1.1908311691368	3	0.755204205710238	0.999999999795678
ENSG00000159579.14	16.6857034669911	9	0.053871428829084	0.283594593193106
ENSG00000156697.13	1.01476007917881	3	0.797680514213663	0.999999999795678
ENSG00000115484.15	5.17906831472646	3	0.159144771597928	0.543007854942931
ENSG00000125651.14	8.46194679664041	3	0.037369776888488	0.224745386672828
ENSG00000217801.10	16.0175482913978	6	0.0136600882773538	0.112657513392174
ENSG00000005059.16	1.73502858069696	3	0.629174424929278	0.999999999795678
ENSG00000166164.16	0.759256239383831	3	0.859185476908492	0.999999999795678
ENSG00000164659.15	28.4717387581622	18	0.0552297997170224	0.288869668584452
ENSG00000089775.11	4.49541847664477	9	0.875893459236868	0.999999999795678
ENSG00000163938.17	26.0731870834425	6	0.000215760276443423	0.00539866839853961
ENSG00000015479.20	5.68444715172518	6	0.459449838580307	0.912106879388296
ENSG00000185670.9	3.20041113296008	3	0.361745794257359	0.827514591791538
ENSG00000140795.13	8.28041109774676	3	0.0405583643951769	0.238265695762101
ENSG00000198720.13	9.64333997551239	6	0.140497703451633	0.504833841032281
ENSG00000227540.1	14.8974809895235	6	0.021069245567161	0.151964745385209
ENSG00000094880.11	8.85357307272352	3	0.0313024121480291	0.198836520360145
ENSG00000127948.16	2.83151076437207	3	0.418338919090597	0.880902238199342
ENSG00000149476.15	8.15247866616119	9	0.518856192260094	0.950985646027984
ENSG00000169752.17	5.47477661904122	12	0.940215921498663	0.999999999795678
ENSG00000127957.18	20.4252158576564	12	0.0594578576460333	0.302818383208601
ENSG00000197746.14	2.84643418772612	6	0.827859485611729	0.999999999795678
ENSG00000174428.18	0.0669612305355258	3	0.995483038535902	0.999999999795678
ENSG00000107738.20	1.73148875357492	3	0.629955965348608	0.999999999795678
ENSG00000186577.14	9.95353042442457	9	0.354260291462781	0.818463432000218
ENSG00000115904.13		6	1	
ENSG00000178401.16	0.528663464142483	3	0.912550526391382	0.999999999795678
ENSG00000149925.22	4.42934991768561	3	0.218679349977583	0.641865854550422
ENSG00000165449.11	14.2697416952824	3	0.00256005928559629	0.0375332775718485
ENSG00000025434.19	28.3471815820376	12	0.00491997830020019	0.0578061798256854
ENSG00000168175.15	9.39968694911295	6	0.152316139903868	0.5278187735313
ENSG00000178252.18	0.429792397779238	3	0.934021597845805	0.999999999795678
ENSG00000108448.21	3.5778741123504	3	0.310801671814595	0.774091905806734
ENSG00000240445.5	1.0713352533121	3	0.783997980695609	0.999999999795678
ENSG00000197930.13	4.90009392003412	3	0.179260646589863	0.576935553322894
ENSG00000164051.14	4.93649297896627	6	0.551983863376902	0.966299542301132
ENSG00000151746.15	19.4766703274163	15	0.192940103353786	0.602942529337108
ENSG00000100483.14	11.0604294100049	9	0.271589549559709	0.725700882755625
ENSG00000155097.12	35.7775033643484	9	4.34170772267829e-05	0.00146659268782304
ENSG00000103353.16	50.7458956797855	9	7.79665244959904e-08	7.50480752940048e-06
ENSG00000002746.15	15.2829507921851	9	0.0834512947696277	0.369088732513569
ENSG00000187607.16	3.41611308679057	3	0.331806050854337	0.792794475177161
ENSG00000170946.15	4.18143470501673	3	0.24252720853379	0.683171674629408
ENSG00000113391.19	0.334746185143558	3	0.953366515591153	0.999999999795678
ENSG00000114978.18	25.5043159302149	6	0.000275302526079343	0.0066556744065003
ENSG00000185219.17	0.520320617504694	3	0.914404910714415	0.999999999795678
ENSG00000156170.13	3.80939042512546	6	0.702452626477801	0.999999999795678
ENSG00000213762.12	1.62729032514289	3	0.653217873957818	0.999999999795678
ENSG00000111261.14	2.62701453581167	3	0.45277322072599	0.906887154578438
ENSG00000072864.16	2.2199564417806	6	0.898398627499759	0.999999999795678
ENSG00000166783.22	11.3331675198112	6	0.0786093455391648	0.356010241674117
ENSG00000129084.18	1.5031338983099	3	0.681547217348842	0.999999999795678
ENSG00000198951.12	11.1986624724232	6	0.0824271885380773	0.36635812361743
ENSG00000137869.15	14.4249953191738	9	0.107990138195908	0.430632587483633
ENSG00000100167.20	0.559758559950069	3	0.90557968448893	0.999999999795678
ENSG00000144645.14	1.77324801431678	6	0.939327498821272	0.999999999795678
ENSG00000159921.18	2.35380603647536	6	0.884456923462265	0.999999999795678
ENSG00000081052.13	2.33122384117905	3	0.506565652527988	0.943584911996937
ENSG00000106460.19	8.42980100055866	9	0.491478622972311	0.934744117337827
ENSG00000063169.11	2.15570848342713	3	0.54072502234168	0.961625805501039
ENSG00000115661.14	17.8291507098566	12	0.120977425542397	0.46503745323481
ENSG00000010539.12	2.06888374503251	3	0.558233397432787	0.970741774557615
ENSG00000085644.14	0.167992363867597	3	0.982583094960812	0.999999999795678
ENSG00000167604.14	53.7006996868258	9	2.15196997427637e-08	2.52840877992153e-06
ENSG00000140265.12	1.70902702422518	6	0.944422239954308	0.999999999795678
ENSG00000233822.4	3.22121902627987	6	0.78061310018763	0.999999999795678
ENSG00000132388.12	9.61546875891509	9	0.382502003233511	0.848931751630079
ENSG00000158669.11	6.82642258338456	9	0.655185686896738	0.999999999795678
ENSG00000169490.17	6.51150615065853	9	0.687831925167179	0.999999999795678
ENSG00000151881.14	4.62683789545008	9	0.865549980117766	0.999999999795678
ENSG00000164849.10	2.53905327358621	3	0.468274607007579	0.919424131511369
ENSG00000085788.14	13.5922083132919	9	0.137588511736629	0.498535982096819
ENSG00000157212.19	5.22279794750739	3	0.156191092866095	0.536304041384537
ENSG00000007168.14	23.8342230762719	9	0.00457123998154506	0.0553946824071537
ENSG00000250151.9	1.31558978677617	3	0.725434498270887	0.999999999795678
ENSG00000241553.12	3.13771880394779	3	0.370875170703496	0.83721279299547
ENSG00000232807.2	2.76617094142966	3	0.429099100633964	0.889278816835803
ENSG00000099331.13	4.67890148682454	6	0.585604978552265	0.991117209770935
ENSG00000214022.11	18.266234269322	9	0.0322074160960018	0.202564408293473
ENSG00000137055.15	0.721557534583553	3	0.86812206495512	0.999999999795678
ENSG00000243789.11	1.81473881372722	3	0.611732869085983	0.999999999795678
ENSG00000063854.13	4.6851026737495	6	0.5847873912254	0.990570702186443
ENSG00000011243.18	0.665358858070249	3	0.881320034174519	0.999999999795678
ENSG00000214087.8	4.99876901064272	6	0.543971009597743	0.963073059355366
ENSG00000177042.14	3.79560353626403	9	0.924342926330619	0.999999999795678
ENSG00000126001.16	8.1757704983047	9	0.516534575627266	0.950043648077986
ENSG00000214114.9	6.65714418666903	6	0.353720679615379	0.818149372223075
ENSG00000099849.15	5.8671472446913	3	0.11825576577281	0.458927473968489
ENSG00000146842.17	3.97156302530493	3	0.26455122737337	0.715860080212253
ENSG00000142102.16	5.27830581412036	12	0.948031460369095	0.999999999795678
ENSG00000214174.8	0.58267699775115	3	0.900386373340409	0.999999999795678
ENSG00000214176.9	11.6468829197486	6	0.070326248949727	0.333878515622436
ENSG00000214188.9	1.4906703663363	3	0.684425272975529	0.999999999795678
ENSG00000129472.15	3.47962305590818	3	0.323414574489107	0.785241675766155
ENSG00000214194.9	7.61919776973082	3	0.0545735664770477	0.286175875439473
ENSG00000108510.10	11.649462026493	3	0.008685699800299	0.0845317746470877
ENSG00000154134.15	6.01066674668891	6	0.421996245288818	0.884239741679103
ENSG00000131165.16	3.5613044888305	6	0.735796343923994	0.999999999795678
ENSG00000100154.14	7.78230628998745	3	0.0507316909572197	0.273095497071832
ENSG00000128563.13	2.00108593425466	6	0.919598702597887	0.999999999795678
ENSG00000170677.6	3.28545590510748	3	0.349672047217243	0.813659956024739
ENSG00000076984.18	1.20678395614232	3	0.751377702831992	0.999999999795678
ENSG00000258818.4	7.69619313662997	3	0.0527260189418687	0.279694821046915
ENSG00000166225.8	8.05960365785268	9	0.528150956699487	0.954552444230318
ENSG00000086848.15	0.232965173934645	3	0.972099924509135	0.999999999795678
ENSG00000153815.16	11.1253767605631	6	0.0845779466554692	0.372446177911944
ENSG00000214293.9	17.1832570078641	9	0.045922344623026	0.256819912846366
ENSG00000214309.5	5.89868817778847	3	0.116644658416849	0.454415303116479
ENSG00000088247.17	6.20618545656907	12	0.905333454200535	0.999999999795678
ENSG00000168802.14	8.21540510102932	6	0.222743182249725	0.649093809668771
ENSG00000138867.16	0.935726426267138	3	0.816798748888284	0.999999999795678
ENSG00000154359.13		6	1	
ENSG00000184939.16	25.5736753718347	9	0.00239799332297964	0.0358020844740257
ENSG00000214413.9	20.8635304311993	9	0.0132703427713399	0.111024426054956
ENSG00000272391.6	0.777009259363695	3	0.854957838468573	0.999999999795678
ENSG00000161647.19	0.830035314461384	9	0.999739474545274	0.999999999795678
ENSG00000160183.17	1.37009936185495	3	0.712558328092229	0.999999999795678
ENSG00000177082.13	33.8819922066323	15	0.00353767312231669	0.0472882143316531
ENSG00000138069.18	13.4028614448907	9	0.145208286928917	0.513550980159546
ENSG00000144747.17	22.8199497712303	9	0.00661359930845091	0.0706728627719389
ENSG00000115464.15	9.68733687928761	12	0.643369056669162	0.999999999795678
ENSG00000237651.6	1.0482176970072	3	0.789586892959432	0.999999999795678
ENSG00000115970.18	10.8568322965766	12	0.541226465446326	0.961851009169301
ENSG00000104885.18	2.84647056101676	3	0.415907057116083	0.878977714296164
ENSG00000214655.11	16.5455194820861	12	0.167507659629181	0.558611516500935
ENSG00000185686.18	24.8109578098229	12	0.0157445302039519	0.123562684334704
ENSG00000041880.14	10.9091015614795	12	0.53672438271083	0.960356303554987
ENSG00000214694.11	1.53477034379694	3	0.674268914345257	0.999999999795678
ENSG00000119471.15	3.74014594537584	3	0.290925342747115	0.748502619375075
ENSG00000236200.6	44.3982894561268	9	1.19182417747182e-06	7.855380981109e-05
ENSG00000090238.12	13.7808771559394	9	0.130336132447271	0.482041526345816
ENSG00000168061.17	0.750621570354269	3	0.861237478136729	0.999999999795678
ENSG00000250462.8	2.44396162605676	3	0.485503645493249	0.928762861070039
ENSG00000184743.13	45.0173304113305	6	4.64324898184408e-08	4.88867785659869e-06
ENSG00000214736.7	1.73141332552768	3	0.629972625088705	0.999999999795678
ENSG00000145723.17	11.8171226368208	6	0.0661751554994702	0.323303341488102
ENSG00000257267.3	1.17981773998736	6	0.977869837962004	0.999999999795678
ENSG00000164096.13	0.682270808256362	3	0.877365898091828	0.999999999795678
ENSG00000113356.13	3.79087644196079	6	0.704951752917313	0.999999999795678
ENSG00000091542.9	11.072307581926	3	0.0113412380976544	0.101147873770829
ENSG00000186487.20	11.8818239921529	3	0.00779914216898909	0.078935887096123
ENSG00000214941.8	0.131429756111174	3	0.987815715807284	0.999999999795678
ENSG00000205670.12	3.63270781487154	3	0.303953828388527	0.766850908694932
ENSG00000183808.11	32.818506943262	9	0.000143624411822469	0.00389419099212294
ENSG00000060749.16	0.818374844629034	3	0.845067152637621	0.999999999795678
ENSG00000092148.13	11.9140806029427	12	0.452604427693367	0.906887154578438
ENSG00000177054.14	1.10151879677323	3	0.776707452727542	0.999999999795678
ENSG00000100445.17	14.2490683728101	12	0.285086867329678	0.742196285626749
ENSG00000215021.9	5.926532990532	3	0.115239778671311	0.451110036546751
ENSG00000231890.8	10.5015361285191	9	0.311427469870281	0.774456790744255
ENSG00000206560.11	15.2223049866625	9	0.0850078541921324	0.373097161798385
ENSG00000215039.7	30.272737534832	3	1.20925820903916e-06	7.90601314571004e-05
ENSG00000215067.10	1.2833013211357	9	0.998457908719356	0.999999999795678
ENSG00000215068.8	3.64381601495404	3	0.302583065265851	0.765857293197083
ENSG00000215114.10	6.08794071586908	6	0.413411417284284	0.876562463444147
ENSG00000089486.17	3.8285746042784	6	0.699861812968803	0.999999999795678
ENSG00000180626.10	3.52133376770416	6	0.741129201240496	0.999999999795678
ENSG00000008513.16	10.1877706098057	9	0.335499189667677	0.79668773598004
ENSG00000168137.18	7.26676330755072	6	0.296880160676144	0.757572383569878
ENSG00000215190.9	2.38199811566892	6	0.88143316027092	0.999999999795678
ENSG00000215196.5	0.726686299967696	3	0.866909828802815	0.999999999795678
ENSG00000073614.13	0.193795915879491	3	0.978584580369302	0.999999999795678
ENSG00000067900.8	0.350646975654854	3	0.95023789587546	0.999999999795678
ENSG00000185201.16	2.60324628118542	6	0.856738533875146	0.999999999795678
ENSG00000157796.18	18.7360861669458	12	0.0950996322901768	0.397851617526894
ENSG00000215256.4	1.70628358037129	6	0.944635134162393	0.999999999795678
ENSG00000174007.8	1.9803539067567	3	0.576494321777242	0.984701176132009
ENSG00000103148.17	3.1058798206268	3	0.375586926976752	0.842360540341763
ENSG00000215301.11	2.72965486257453	3	0.435211262141907	0.894963347404929
ENSG00000250305.9	31.3655192809561	9	0.000256181138142558	0.00623935222814079
ENSG00000215375.6	10.633451751939	12	0.560565240605649	0.971853640598383
ENSG00000215386.13		3	1	
ENSG00000160305.18	9.13997348062094	9	0.424455112180885	0.885957156140689
ENSG00000215417.13	4.75420098189352	3	0.19070628775889	0.599129778111322
ENSG00000183570.16	10.3961119094098	6	0.108931731715293	0.433534388323949
ENSG00000223768.2	2.21006837062487	3	0.529967939908905	0.954784039576318
ENSG00000100031.19	12.4505423526462	12	0.410207245772835	0.873893861000485
ENSG00000221978.12	31.6270667154313	6	1.92349588832916e-05	0.000787564705388108
ENSG00000215808.4	3.33397074557126	3	0.342942466801756	0.806250607903081
ENSG00000162601.11	11.2622768137271	6	0.0806008898035787	0.361411180109299
ENSG00000132763.15	6.3666576292926	3	0.0950721642869082	0.397851617526894
ENSG00000055070.17	5.31971586917643	12	0.946439055033155	0.999999999795678
ENSG00000128908.17	4.29024046786617	3	0.231780970610505	0.663505765797797
ENSG00000162994.16	27.8532139245326	15	0.0225061301103764	0.158934840422319
ENSG00000082898.17	5.30026539380197	6	0.505918081404197	0.943584911996937
ENSG00000250479.9	1.9722496252507	3	0.578186330734515	0.985185479592045
ENSG00000216895.9		6	1	
ENSG00000223361.5	0.0157313979756282	3	0.999477698723201	0.999999999795678
ENSG00000153310.19	5.67133409182861	9	0.772308353574109	0.999999999795678
ENSG00000227345.8	11.0987209843624	9	0.269002791385261	0.722599612246624
ENSG00000100379.17	6.01257344031728	6	0.421783069799442	0.884041187257304
ENSG00000183579.16	12.616466740539	3	0.00554388787408377	0.0625944210943465
ENSG00000138081.21	3.92264209961832	9	0.916429796306802	0.999999999795678
ENSG00000108883.13	5.75618114473764	6	0.451049616596603	0.905749163875191
ENSG00000100003.18	14.9288926332979	6	0.0208170389615448	0.15068190612611
ENSG00000152700.14	15.5819551485329	9	0.0761415362436295	0.348351825241029
ENSG00000181588.16	1.228120207129	3	0.746268124731231	0.999999999795678
ENSG00000109472.14		3	1	
ENSG00000100068.13	14.4258742967529	6	0.0252243207218417	0.173152894235369
ENSG00000049323.16	2.11135211284272	6	0.909177834883032	0.999999999795678
ENSG00000106443.17	5.82981183630727	3	0.120190294702047	0.463109657390443
ENSG00000220201.7	11.4984483716362	6	0.0741399454777978	0.343254580267725
ENSG00000220785.7	4.20015729013903	6	0.649610116461383	0.999999999795678
ENSG00000171863.15	1.68286280846223	3	0.640750482620326	0.999999999795678
ENSG00000133193.12	10.2482397502899	9	0.330765238575656	0.792643744940244
ENSG00000151718.16	23.6996888884914	12	0.0223401235464587	0.15845265231071
ENSG00000196204.12	2.01766605790908	6	0.918066703515501	0.999999999795678
ENSG00000163510.14	2.36329077261962	3	0.500504611626334	0.940127638196175
ENSG00000160007.19	6.06863982958976	3	0.108318086033846	0.431309160130723
ENSG00000243989.9	28.3865435086918	6	7.94493506575113e-05	0.0023767375859057
ENSG00000100242.15	4.71453944041423	3	0.193933734812623	0.603539649952375
ENSG00000057935.14	3.98922312626019	6	0.678134903909321	0.999999999795678
ENSG00000169762.17	1.91338734934652	6	0.927489410818959	0.999999999795678
ENSG00000196465.10	40.2311085384863	9	6.89979076973943e-06	0.000334949723175315
ENSG00000100109.17	18.0966667918601	9	0.0340684532488785	0.210775602420416
ENSG00000229036.7	1.00052431592735	3	0.801125087799289	0.999999999795678
ENSG00000176624.12	1.50592483484297	3	0.680903558220345	0.999999999795678
ENSG00000115977.19	1.93190088445863	9	0.992499243990291	0.999999999795678
ENSG00000176623.12	2.85380947943122	6	0.826958973051284	0.999999999795678
ENSG00000185340.15	7.03494290791787	9	0.633481212218382	0.999999999795678
ENSG00000219545.11	8.52561952723954	9	0.482162675564111	0.926717119677157
ENSG00000242028.8	1.11437455076521	3	0.773605192153027	0.999999999795678
ENSG00000100288.20	1.3394838068416	6	0.969435950757746	0.999999999795678
ENSG00000087095.13	8.70506029029093	6	0.190857271315882	0.599208453321134
ENSG00000204406.14		3	1	
ENSG00000216490.4	2.58692302764393	3	0.459786722638839	0.912106879388296
ENSG00000183671.12	5.38191943050344	3	0.145874218685554	0.514765649030684
ENSG00000066044.15	0.326757543269196	3	0.954920004716911	0.999999999795678
ENSG00000064547.14	8.56449825727941	9	0.478405179813322	0.926048928909263
ENSG00000188739.15	7.30308401628281	9	0.60559611688983	0.999999999795678
ENSG00000169220.18	10.5877266554126	15	0.781234853432435	0.999999999795678
ENSG00000221909.3	0.485676764772961	3	0.92202670584169	0.999999999795678
ENSG00000115275.14	20.2306885758662	9	0.0165409055266514	0.128199924574152
ENSG00000256053.9	38.4256321622015	6	9.27396263892696e-07	6.31798446334293e-05
ENSG00000071189.21	8.80546092329678	9	0.455422370839554	0.909042331525281
ENSG00000164904.18	5.06893880048301	6	0.535002137565872	0.95921466262004
ENSG00000148218.16	14.9391573475459	6	0.0207352492749355	0.150492986456492
ENSG00000170417.16	4.34261187094745	3	0.226765953804011	0.655793478736889
ENSG00000222011.9	3.68994579196033	6	0.718550399319656	0.999999999795678
ENSG00000228300.14	2.07753502225387	3	0.556470934008071	0.96913208635949
ENSG00000222009.8	1.12280949141882	3	0.771570829971581	0.999999999795678
ENSG00000197191.6	2.51822888607558	3	0.472005721419752	0.921379939815744
ENSG00000282907.1	1.58761861464598	3	0.662200463074992	0.999999999795678
ENSG00000267060.6	7.97615912705214	3	0.0465070028741294	0.258064525873078
ENSG00000222020.3	9.55965895579504	3	0.022705086051339	0.159783101231081
ENSG00000127526.15	0.834269088745714	3	0.841253968642494	0.999999999795678
ENSG00000132405.19	1.63817533765086	6	0.94979373647573	0.999999999795678
ENSG00000122591.12	15.0334257552931	9	0.090021910857631	0.385733420360896
ENSG00000222019.7	4.00115371278616	6	0.676520278140704	0.999999999795678
ENSG00000176407.18	0.158147628731967	3	0.984044832842491	0.999999999795678
ENSG00000169221.14	1.90834625788193	3	0.591645932164631	0.993676501722309
ENSG00000231742.6	18.3410836645207	6	0.00543401491157917	0.061959998436248
ENSG00000232442.1	1.60158166930705	3	0.659031239989248	0.999999999795678
ENSG00000226950.8	0.72204093093751	3	0.868007860005004	0.999999999795678
ENSG00000232388.5	0.730150726420106	3	0.866090312435225	0.999999999795678
ENSG00000223745.8	22.7830549418786	9	0.00670237168739316	0.0710276173460083
ENSG00000115568.15	4.43370983163641	9	0.880623002290108	0.999999999795678
ENSG00000113282.14	19.7869458475325	9	0.0192737367622212	0.143614139642764
ENSG00000136279.21	9.26977954644099	9	0.412753198840306	0.87652155314564
ENSG00000130600.19	5.1220404048654	3	0.163075782824556	0.550182191674171
ENSG00000178665.16	1.13420302594022	3	0.768824405948327	0.999999999795678
ENSG00000179869.15	0.377057788590719	3	0.944939957889745	0.999999999795678
ENSG00000234741.8	0.901979305199347	3	0.824950131005878	0.999999999795678
ENSG00000229891.2	11.1243462158982	9	0.267281878904463	0.72008705300244
ENSG00000179406.8	2.2022778011908	6	0.900186814809544	0.999999999795678
ENSG00000204054.14	9.38947278735577	6	0.152829982956518	0.527904845261392
ENSG00000180229.12	14.8511194384228	9	0.0951074916451363	0.397851617526894
ENSG00000083099.11	3.66577942807271	9	0.932002618013071	0.999999999795678
ENSG00000248643.5	7.52712608388902	6	0.274832762761666	0.729557697350632
ENSG00000283154.2	14.7322474614048	15	0.470870379756002	0.921379939815744
ENSG00000228705.2	19.3040694238034	12	0.0814498489112866	0.364038376391918
ENSG00000105281.12	3.55194445814414	6	0.737046378077669	0.999999999795678
ENSG00000234745.11	2.46910697768908	6	0.871908939005579	0.999999999795678
ENSG00000070371.16	15.0539786439222	9	0.0894639070218759	0.384533980674294
ENSG00000231074.9	37.4415408775822	15	0.00109045233461971	0.0198658361275551
ENSG00000234072.1	3.62116096354384	3	0.305384582223054	0.768088995129103
ENSG00000212719.13	32.0535307451992	6	1.59365384137475e-05	0.000673230027217783
ENSG00000136045.12	2.12403580737009	3	0.547065481518299	0.964597935582882
ENSG00000225518.3	6.81777760802197	6	0.338028398038427	0.799571290699625
ENSG00000227764.2	20.8193987610766	15	0.14269951303868	0.508998906418536
ENSG00000163882.9	4.94057807672652	6	0.551456767705138	0.966210808531499
ENSG00000241769.7	6.4683965563629	6	0.372812313541953	0.839690112048861
ENSG00000237232.9	6.69272526011105	3	0.0823640271449104	0.366278205191327
ENSG00000013374.16	3.31532151975989	6	0.768355845554911	0.999999999795678
ENSG00000225265.2	1.42615744536852	3	0.699414897944499	0.999999999795678
ENSG00000234327.8	0.987003071393701	3	0.804396788573799	0.999999999795678
ENSG00000184203.8	9.37281464308035	6	0.153671240631019	0.530133084168369
ENSG00000224032.7	9.0282689655869	6	0.171994475148179	0.566938008210382
ENSG00000226419.8	18.1411924868016	9	0.0335703461021928	0.208388051952892
ENSG00000231419.6	0.53962476946549	3	0.91010366004714	0.999999999795678
ENSG00000189423.13	1.87671600731119	3	0.598384611331286	0.998115578458708
ENSG00000224597.10	3.86467548520886	6	0.694983492430167	0.999999999795678
ENSG00000237883.2	0.679055546515883	3	0.878118886350521	0.999999999795678
ENSG00000176124.15	38.4139116119331	12	0.000131371824324217	0.0036102758637167
ENSG00000142396.10	0.462435983718024	3	0.927063068623791	0.999999999795678
ENSG00000231365.6	18.5429444570491	9	0.0293721080356284	0.190801025516699
ENSG00000269335.5	7.15998249059703	6	0.306305311450351	0.769070266070612
ENSG00000229043.3	15.9011854400724	9	0.0689739885682822	0.330636471352011
ENSG00000196756.13	7.18334652989142	3	0.0662779061029054	0.323488852965836
ENSG00000236287.8	4.01159861894848	3	0.26021440931888	0.710862249119232
ENSG00000232973.13	9.31060867369655	3	0.0254339117721324	0.17429646892365
ENSG00000236830.7	15.0316787210736	6	0.0200117517255968	0.147352653260139
ENSG00000144589.22	11.6609656037381	6	0.0699739651529229	0.333202299649363
ENSG00000236859.7	4.76852858092389	6	0.573825315974385	0.982471348807675
ENSG00000233237.8	2.5624608457199	3	0.464108683597372	0.915271872852872
ENSG00000224660.2	15.9487262373459	6	0.0140318365170657	0.114149567536175
ENSG00000242125.3	9.58866104659683	3	0.022406623220156	0.158508284856723
ENSG00000226688.7	1.58222388049671	3	0.663427118529581	0.999999999795678
ENSG00000176209.12	1.80925448982453	6	0.936378988373744	0.999999999795678
ENSG00000224078.15	40.0221067240927	15	0.000450026391526441	0.00994104620192059
ENSG00000214135.8	6.67685489143332	9	0.670722433315825	0.999999999795678
ENSG00000225470.8	14.0735244694915	9	0.119733752070174	0.462616890603493
ENSG00000233016.7	4.46028358634794	3	0.215860377126248	0.638292681804664
ENSG00000242294.6	6.31760743657651	6	0.388567778865226	0.856708010725622
ENSG00000228109.1	4.03431221242181	3	0.257782788323611	0.707942095169213
ENSG00000130429.15	9.17423078016145	6	0.164013958333676	0.551955649734791
ENSG00000213742.7	1.34644122979751	3	0.718135787304791	0.999999999795678
ENSG00000237438.7	8.40615737894132	6	0.209831124736973	0.629895230435583
ENSG00000162923.16	25.0422617233926	12	0.0146238742766839	0.117498264381642
ENSG00000223773.7		3	1	
ENSG00000223773.7_PAR_Y		3	1	
ENSG00000144426.18	4.28292487600231	3	0.232489561642778	0.665140802410224
ENSG00000242086.8	29.6787749545238	9	0.000497473447750332	0.0107547126424318
ENSG00000156162.16	2.02551898026195	3	0.56712707499568	0.976561197245107
ENSG00000215424.10	4.36231944791143	9	0.885990025434547	0.999999999795678
ENSG00000225377.6	3.00882273108368	3	0.39026688394807	0.858352791453686
ENSG00000214706.10	1.57577442677575	3	0.664895194431403	0.999999999795678
ENSG00000223749.11	7.44971134576508	6	0.281250714675118	0.737896292514945
ENSG00000228192.8	4.06800083262101	6	0.667474383273514	0.999999999795678
ENSG00000133835.17	11.0843793176027	6	0.0858033339302326	0.374990635133367
ENSG00000099949.21	1.17944618881029	3	0.757938067288754	0.999999999795678
ENSG00000205356.10	11.8835273704844	9	0.219955418520037	0.643746779040413
ENSG00000203879.12	1.32209906399657	3	0.723892244004666	0.999999999795678
ENSG00000233223.3	8.48128480955347	9	0.486463438948116	0.929912544105724
ENSG00000244038.11	1.71868027735036	3	0.632788759454503	0.999999999795678
ENSG00000235374.2		3	1	
ENSG00000160953.16	13.732113516111	15	0.545935640244171	0.964043407921519
ENSG00000223820.5	19.0443880191506	6	0.00408932164295965	0.0518812684811798
ENSG00000223960.7	30.4182968036075	21	0.0838990721723637	0.370059726932183
ENSG00000136485.15	22.8647702841008	3	4.3090578501646e-05	0.00146165405821274
ENSG00000228794.10		6	1	
ENSG00000234545.8	12.1542901901648	6	0.0586139751361875	0.300134145312164
ENSG00000178234.13	1.96487119499943	3	0.579729739229212	0.986209409875818
ENSG00000237298.10		3	1	
ENSG00000234678.2	0.318607972341169	3	0.956491664613729	0.999999999795678
ENSG00000225828.1	11.0098708279684	3	0.0116726198421992	0.102970543047561
ENSG00000228649.9	49.3939573257521	12	1.78461619071148e-06	0.000110441858458763
ENSG00000228727.9		3	1	
ENSG00000225648.5	3.44632643870864	6	0.751096496886278	0.999999999795678
ENSG00000127990.19	18.9362716705655	9	0.0257402484770123	0.175801343220842
ENSG00000108799.13	13.8257928135045	9	0.128658456552275	0.479322981414704
ENSG00000181315.11	22.1312424593598	3	6.12553229165103e-05	0.00191736255939826
ENSG00000273066.5	0.378874339812683	3	0.94457114196757	0.999999999795678
ENSG00000226696.6	5.81366990023571	6	0.444383457084395	0.901640646692231
ENSG00000140320.12	1.44088691679099	6	0.963324093488954	0.999999999795678
ENSG00000224934.5	1.15897426900244	3	0.762859838607446	0.999999999795678
ENSG00000241990.5	7.32423655548337	3	0.0622507787873768	0.311715295632652
ENSG00000236753.7	11.5144449405321	6	0.0737199964374237	0.343029311581032
ENSG00000233461.6	7.39834779682496	9	0.59571959362556	0.996647303992938
ENSG00000092203.15	14.5896323050983	15	0.481360176947873	0.926717119677157
ENSG00000229980.5	9.32056474993806	3	0.0253188980176927	0.173655081412382
ENSG00000231431.7	0.47798220871573	3	0.923701303114412	0.999999999795678
ENSG00000012171.20	0.549555119854631	3	0.907877017275174	0.999999999795678
ENSG00000233184.7	3.25426068431079	3	0.354059608411051	0.818463432000218
ENSG00000187186.15	2.72595145016385	3	0.435835117251099	0.894963347404929
ENSG00000242282.6	8.84352677733068	3	0.0314452733195421	0.199043094627934
ENSG00000234127.9	9.82884231568823	6	0.132047362449177	0.486373451783499
ENSG00000226124.7		6	1	
ENSG00000160796.18	7.42803415070011	12	0.82808077507973	0.999999999795678
ENSG00000179304.16	14.6917847208224	6	0.0227942730036895	0.160271614259246
ENSG00000139651.11	14.8874515770403	6	0.0211503848237097	0.152414373125169
ENSG00000266967.7	8.31511649954337	6	0.215914041240258	0.638292681804664
ENSG00000104299.15	0.321625452228545	3	0.955911307189101	0.999999999795678
ENSG00000231721.7	6.74543490865835	12	0.873967591948337	0.999999999795678
ENSG00000226853.3	0.426351573510601	3	0.934746660977559	0.999999999795678
ENSG00000233927.5	0.37656221492216	3	0.945040478758821	0.999999999795678
ENSG00000227775.3	15.8826795564414	3	0.00119854710069748	0.0211904585993039
ENSG00000264522.6	0.021013348127326	3	0.999194945021719	0.999999999795678
ENSG00000119446.14	8.32217835500342	6	0.215437025209094	0.638086441960513
ENSG00000121671.12		3	1	
ENSG00000163866.9	2.12905371126544	3	0.54605739844278	0.964043407921519
ENSG00000233937.7	25.4621262696001	6	0.000280314273378938	0.00672287279513085
ENSG00000138399.18	21.4778426783741	9	0.0106896443438294	0.0973382204080398
ENSG00000235954.7	2.25758166943888	3	0.520695801460399	0.950985646027984
ENSG00000224177.8	9.05680928315905	6	0.170408275040859	0.564114281697679
ENSG00000189077.11	0.890170569487964	3	0.827799205932993	0.999999999795678
ENSG00000239883.8	0.847264010807521	3	0.838131851551263	0.999999999795678
ENSG00000113141.18	1.72947379981633	3	0.630401097904173	0.999999999795678
ENSG00000225733.6	15.3599972228149	9	0.0815103386232699	0.364038376391918
ENSG00000227372.12	14.2307702951712	12	0.28621516237677	0.743296432953108
ENSG00000272419.6	7.42069100000117	9	0.593406601915862	0.995395680060396
ENSG00000180694.14	0.934039097193363	3	0.817206580785621	0.999999999795678
ENSG00000230798.5	7.08710272210487	6	0.312867100477672	0.774874420625538
ENSG00000272734.1	2.83175764606494	6	0.829647459738302	0.999999999795678
ENSG00000149177.13	5.14731782095805	3	0.161322226784093	0.546786817179099
ENSG00000238227.8	4.31926997014307	3	0.228988683942372	0.659236953380969
ENSG00000011007.12	6.17926568206894	3	0.103206931961697	0.41876806677351
ENSG00000123154.12	20.877685044496	6	0.00192978506696667	0.0307967864919268
ENSG00000205485.13	1.40586834410578	3	0.70415973704143	0.999999999795678
ENSG00000236104.3	1.25251333382766	3	0.74043892304216	0.999999999795678
ENSG00000224870.7		9	1	
ENSG00000230590.11	0.625247058175773	3	0.890629087544598	0.999999999795678
ENSG00000126464.14	0.54823731362012	3	0.90817303341879	0.999999999795678
ENSG00000237094.12		9	1	
ENSG00000169246.16	79.4496808681415	15	8.80452441241885e-11	1.98272998365221e-08
ENSG00000266028.7	4.75703813356631	9	0.854952713266227	0.999999999795678
ENSG00000234585.6	2.99492294277434	3	0.392408621186968	0.860264113564833
ENSG00000109854.13	9.43404950760305	6	0.150598497205778	0.523709573872533
ENSG00000088970.16	6.22399243205473	9	0.717307722875276	0.999999999795678
ENSG00000099810.21	14.9107040575	9	0.093418167893408	0.394231645755761
ENSG00000232445.2	0.601502883507237	3	0.896088236455573	0.999999999795678
ENSG00000231770.6	7.2913643502925	6	0.294740444828576	0.75419912734008
ENSG00000254806.5		3	1	
ENSG00000104375.17		3	1	
ENSG00000147535.17	5.28266115077713	9	0.809004718022947	0.999999999795678
ENSG00000225484.7	7.49626993022685	12	0.823153797926017	0.999999999795678
ENSG00000236017.8_PAR_Y	10.0514183432501	6	0.122503315521752	0.468939704134617
ENSG00000121716.20	19.3706842340653	12	0.0799668427385411	0.358965223743828
ENSG00000239665.8	23.3326640477335	18	0.17812816404155	0.575679026564556
ENSG00000104343.21	1.58749368641566	3	0.66222885545266	0.999999999795678
ENSG00000250303.4	1.8276065051823	3	0.608945956494506	0.999999999795678
ENSG00000244558.6	1.73871879154649	3	0.628360305711923	0.999999999795678
ENSG00000224843.8	4.59797393631516	6	0.596307484149932	0.996963301891221
ENSG00000272333.7	7.32083256015721	6	0.292192993435392	0.750573066470446
ENSG00000139428.12	2.6856932927476	6	0.847134233397899	0.999999999795678
ENSG00000254087.8	8.75836096249486	6	0.187630657962547	0.593261210648351
ENSG00000170653.19	12.7598435770778	6	0.0470121871849579	0.260305067533869
ENSG00000142188.17	1.92916471520584	3	0.587238198423301	0.991396525909837
ENSG00000180537.13	5.68922734628723	3	0.127748740115338	0.477482266535291
ENSG00000227946.1	2.82738733313909	3	0.419011295889902	0.881859962559562
ENSG00000103342.13	0.778748295255355	3	0.85454311338981	0.999999999795678
ENSG00000139620.13	24.9928811497666	6	0.00034249245568559	0.00800168973557084
ENSG00000231889.7	2.03797673466505	3	0.564562023223754	0.974638910194841
ENSG00000135976.20	14.5531997054377	9	0.103962822436332	0.421413300745673
ENSG00000214870.9	7.49984228878725	3	0.0575625043865889	0.296602719055067
ENSG00000229950.1	1.05263495279723	3	0.788518704024315	0.999999999795678
ENSG00000022976.15	36.1990506817165	9	3.65481567211924e-05	0.00129386858750527
ENSG00000230438.7		12	1	
ENSG00000228315.12	28.662561964662	12	0.00442052694988633	0.0544638479980675
ENSG00000227671.4	11.4576746459861	9	0.245636580950245	0.689679693768263
ENSG00000231711.2	6.35690337547021	6	0.384419077824817	0.850837301545362
ENSG00000258388.7	20.3714953449926	12	0.0603768477765668	0.306256400567156
ENSG00000240498.9	17.0442563166662	9	0.0480274205595036	0.263714735394798
ENSG00000167110.18	35.0508725723703	9	5.83646841783151e-05	0.00184109920090895
ENSG00000144959.11		6	1	
ENSG00000115760.14	2.92016056898865	6	0.818798785336131	0.999999999795678
ENSG00000235944.8	7.79893103261293	9	0.554529399048372	0.967819968976312
ENSG00000171130.18	10.31574067576	6	0.111969863155472	0.44215279133045
ENSG00000211448.13	1.31746250459582	3	0.724990667799644	0.999999999795678
ENSG00000237686.7	9.18967583084304	6	0.16318848332545	0.550182191674171
ENSG00000239332.6	7.93899271338501	3	0.0472895131359142	0.260992200162668
ENSG00000166595.12	0.384399497532286	3	0.943446000844368	0.999999999795678
ENSG00000169714.17	0.539042332966346	3	0.910233968493129	0.999999999795678
ENSG00000231064.7	6.25392578797073	6	0.395354697663678	0.863096489269252
ENSG00000237765.8	4.79254449468135	6	0.570682989870908	0.979159153202847
ENSG00000122778.10	1.60069518337878	3	0.659232201810658	0.999999999795678
ENSG00000237523.2	7.32524273991567	6	0.291813205270598	0.749835072940964
ENSG00000167378.8	0.783254256586133	3	0.85346805802272	0.999999999795678
ENSG00000116127.19		3	1	
ENSG00000233901.6	12.5491100179461	6	0.0507818396042191	0.273184056848974
ENSG00000153363.13	15.5539634971465	9	0.076800743001281	0.350576364589744
ENSG00000184465.16	26.1724466689993	15	0.036248702528586	0.220291028035417
ENSG00000235750.10	0.938109083285326	3	0.816222814292493	0.999999999795678
ENSG00000236088.10	23.1971598779201	9	0.00576838447930286	0.0638902356021722
ENSG00000161888.11	6.1909777129913	6	0.402140417105128	0.868559497495679
ENSG00000185189.18	23.1478611615275	15	0.0810505630718055	0.362825463734471
ENSG00000225439.3	5.5007771167318	6	0.481362784554499	0.926717119677157
ENSG00000131747.15	1.2783915191394	3	0.734270507223045	0.999999999795678
ENSG00000213347.10	33.3275609305201	12	0.000860357497364215	0.0165282422538666
ENSG00000087087.20	6.21525647646922	6	0.39951416411567	0.866200011748825
ENSG00000237036.5	21.59675508072	12	0.0422957170470594	0.246079083406868
ENSG00000228801.6	7.09610095604694	6	0.312051261926444	0.774456790744255
ENSG00000236499.2	4.72440956122409	3	0.19312583273716	0.60310906240376
ENSG00000143429.10	0.888985866125779	3	0.828084927014519	0.999999999795678
ENSG00000169136.12	22.9147578314442	6	0.000825536864570835	0.0160656202277158
ENSG00000089335.21	38.7315660343556	9	1.28778239289289e-05	0.000573629223032013
ENSG00000174353.17	41.746048665249	9	3.65708587690653e-06	0.000200324291919468
ENSG00000185946.16	11.0617506642138	9	0.271499989430091	0.725700763043109
ENSG00000184319.16	5.0623717479466	12	0.955863166564372	0.999999999795678
ENSG00000171316.12	17.9759227733693	6	0.00629264780697525	0.0684333159825516
ENSG00000256546.2	34.505760290841	9	7.28062032762083e-05	0.00221063629198584
ENSG00000019485.13	2.36742569709531	3	0.499727121122949	0.939481600504722
ENSG00000126005.17	4.99005988009594	6	0.545088646056302	0.96399702487787
ENSG00000102221.14	4.69618635510187	3	0.195444371220504	0.606146716711792
ENSG00000225806.8	5.46118004326399	6	0.486160987013163	0.929553566442384
ENSG00000228630.5	3.98625843410809	3	0.262951799085585	0.713937819027338
ENSG00000065054.14	1.12710875815174	6	0.980331915803278	0.999999999795678
ENSG00000101246.20	12.5239372442811	6	0.0512505396557227	0.274430729847387
ENSG00000241015.2	11.1770773676571	3	0.0108058925693812	0.0979903479418046
ENSG00000153721.19	0.454000037062997	3	0.928874728120488	0.999999999795678
ENSG00000228782.7	2.7324756936996	3	0.434736572332952	0.894747243438244
ENSG00000197603.15	21.3933441477138	15	0.124725565017495	0.473103134200878
ENSG00000246334.2	4.18398832623052	6	0.651793460942318	0.999999999795678
ENSG00000233429.9	18.5686800762596	9	0.0291205762425646	0.190011868301726
ENSG00000243649.9	19.3551497999833	6	0.00360404759713243	0.0476639704240662
ENSG00000164181.14		3	1	
ENSG00000235453.10	8.3626384670024	9	0.498054015513734	0.938132877269944
ENSG00000160352.16	11.83228864599	9	0.222930070407737	0.649404987709495
ENSG00000227617.9	1.32695241633064	3	0.722743125383088	0.999999999795678
ENSG00000224389.9	3.77085354676819	6	0.707653121350608	0.999999999795678
ENSG00000104522.16	3.62369911718997	6	0.727445917302801	0.999999999795678
ENSG00000250506.7	5.21567161777557	3	0.156668882910327	0.536908704243388
ENSG00000237149.5	10.337180683754	9	0.323884392107102	0.785676471218514
ENSG00000237441.10	14.5467498546441	9	0.104162257462993	0.421690101268973
ENSG00000225032.5	0.469524498142619	3	0.92553388046924	0.999999999795678
ENSG00000228889.7	5.74253429864007	3	0.124830938800369	0.473103134200878
ENSG00000186908.14	5.06417061206776	3	0.167158113096289	0.557904826213097
ENSG00000226328.7	4.07950285759307	6	0.66591827718467	0.999999999795678
ENSG00000196922.10	1.93427959709607	6	0.925642512274089	0.999999999795678
ENSG00000225335.3	2.94090169796164	6	0.8162269285292	0.999999999795678
ENSG00000277072.5	6.52735377555382	6	0.366773335984233	0.8319617892625
ENSG00000231925.12	0.494932897097897	3	0.920003213525418	0.999999999795678
ENSG00000234171.3	1.22209093499987	3	0.747711014656486	0.999999999795678
ENSG00000237380.7	1.31326496472138	3	0.725985615230226	0.999999999795678
ENSG00000108592.17	9.23452062712022	3	0.0263299671314054	0.17847578890828
ENSG00000232995.7	3.42995461000601	9	0.944788915991386	0.999999999795678
ENSG00000213468.7	21.0706737108139	12	0.0493550733908055	0.268162634735931
ENSG00000118894.15	4.57707118723738	9	0.86950958381851	0.999999999795678
ENSG00000230530.2	6.60418024344335	3	0.0856432075289986	0.374576941823196
ENSG00000119559.17	7.71346261204235	9	0.563260182224321	0.973279327417962
ENSG00000236810.6	1.5815473527814	3	0.66358103358355	0.999999999795678
ENSG00000231584.8	3.94737114218697	6	0.683798543858108	0.999999999795678
ENSG00000212694.8	29.3260810299907	9	0.00057085186407013	0.0119275671701457
ENSG00000241370.6	2.44534155994188	3	0.485250116586839	0.928762861070039
ENSG00000285077.2	34.8716511905041	9	6.27703865668177e-05	0.00195722893806612
ENSG00000225177.6	17.7647711029026	6	0.00684773399749228	0.0720033456779117
ENSG00000234608.8	9.4889173341362	6	0.14789089698854	0.519026624193114
ENSG00000229180.7	1.40872519909681	3	0.703490776559507	0.999999999795678
ENSG00000234476.3	10.6757314964193	9	0.298592255427131	0.759629944230337
ENSG00000285085.1	1.59596596530946	3	0.660304855597383	0.999999999795678
ENSG00000237649.8	2.12992221715831	3	0.545883054046247	0.964043407921519
ENSG00000244731.8	13.9263809279219	9	0.124968205597257	0.473198151694051
ENSG00000178440.7	5.32059848474	3	0.149771357136914	0.522510928790514
ENSG00000133657.16	9.97181744944828	9	0.352771573950791	0.816886361045148
ENSG00000237886.1	3.68040808422302	3	0.298106472183348	0.759629944230337
ENSG00000233221.7	4.49361266250867	3	0.212860731373816	0.634265285395493
ENSG00000262919.8	0.934377869321906	6	0.987977999486084	0.999999999795678
ENSG00000277147.6	7.45684668200033	3	0.0586776741527831	0.300134145312164
ENSG00000114480.13		3	1	
ENSG00000224945.1	0.795720523966111	3	0.850490351531114	0.999999999795678
ENSG00000233101.10	42.6614562883085	6	1.3609065168231e-07	1.16135464546156e-05
ENSG00000214331.8	0.531628038199187	3	0.91188990889272	0.999999999795678
ENSG00000230513.2	2.25945124618738	3	0.520333446363017	0.950985646027984
ENSG00000225339.4	11.8683051244441	3	0.0078481800336171	0.079234365544874
ENSG00000231764.10	4.61292691897307	3	0.202435945826943	0.617077784515337
ENSG00000214796.8	1.84435107845184	3	0.605331526968147	0.999999999795678
ENSG00000221983.8	5.41425735037774	3	0.143857873152156	0.511634427117321
ENSG00000225190.11	5.03870394785736	6	0.538858724858343	0.960356303554987
ENSG00000167258.15	9.32440016396595	9	0.407884048334277	0.872024256288499
ENSG00000100888.15	30.7319924765034	12	0.00216404138330232	0.0332270520727877
ENSG00000162496.9	3.32494900201527	3	0.344185276188775	0.807147825878622
ENSG00000078319.10	2.95686403782202	6	0.814241067182285	0.999999999795678
ENSG00000284874.1	1.47905696740031	3	0.687112337926325	0.999999999795678
ENSG00000272808.4	0.468409508762761	3	0.925774824962588	0.999999999795678
ENSG00000237499.7	2.99431027507535	6	0.809560612636335	0.999999999795678
ENSG00000272645.3	7.98688473333459	3	0.0462835377833133	0.257706484072336
ENSG00000165121.11	2.77109201693304	3	0.428280820514911	0.888769197470735
ENSG00000230615.7	19.375225951022	12	0.0798665996420814	0.358866156386483
ENSG00000198001.14	0.846020571365671	3	0.838430760300433	0.999999999795678
ENSG00000174485.16	4.04075521500818	6	0.671160987506216	0.999999999795678
ENSG00000227388.3	1.30625535141417	3	0.727648219771739	0.999999999795678
ENSG00000226562.4	7.7646369598333	12	0.803242146844707	0.999999999795678
ENSG00000263001.6	1.3303359638885	6	0.969958624191685	0.999999999795678
ENSG00000111671.9	3.35120512379035	3	0.340579194430001	0.804033030907079
ENSG00000204685.7	0.54150901506523	3	0.9096818765439	0.999999999795678
ENSG00000226953.8	1.21442050804762	3	0.7495477966584	0.999999999795678
ENSG00000145191.15	1.10654040033478	3	0.775495444186119	0.999999999795678
ENSG00000235106.10	1.81655185446471	3	0.611339707791464	0.999999999795678
ENSG00000205746.9	1.76191364070382	6	0.940242054698495	0.999999999795678
ENSG00000136143.16	0.840440344290983	3	0.839771762596642	0.999999999795678
ENSG00000235437.8	24.8965086959015	6	0.000356852200774945	0.00817231862057198
ENSG00000111752.11	15.4664470718562	6	0.0169231059605195	0.130290237437732
ENSG00000178607.16	16.1787948347397	3	0.00104217370773081	0.0190471663159718
ENSG00000248275.2	21.3669841699048	12	0.045257978346509	0.254266410571828
ENSG00000224046.2	3.15453790922766	3	0.368406697494658	0.833800417808262
ENSG00000134516.18	1.96137322955019	3	0.580462416404423	0.986542727419424
ENSG00000213689.14	8.07699978967867	6	0.23251622474782	0.665140802410224
ENSG00000257103.8	8.99982109440316	9	0.437290703687485	0.895956888835721
ENSG00000189114.8	10.5565052247498	6	0.103088981306601	0.41870860293217
ENSG00000149262.17	11.5598209354885	15	0.711994936638987	0.999999999795678
ENSG00000235387.5	1.37250346609278	3	0.711992537818661	0.999999999795678
ENSG00000230989.7	0.34617958497256	3	0.951121694244593	0.999999999795678
ENSG00000229299.2		3	1	
ENSG00000196118.12	14.3267109190929	12	0.280333482733354	0.737398943711648
ENSG00000228696.10	36.9423674349209	6	1.80703079793165e-06	0.000110981808172969
ENSG00000228748.2	0.454003667087818	3	0.928873950508006	0.999999999795678
ENSG00000274020.4	1.7679904078791	3	0.621925228998759	0.999999999795678
ENSG00000228409.6	1.94326156022998	6	0.924842115959184	0.999999999795678
ENSG00000111490.15	0.222676646948912	3	0.973848065367823	0.999999999795678
ENSG00000175203.16	2.25888198855682	3	0.520443757982295	0.950985646027984
ENSG00000112787.13	2.68670172887505	12	0.99738069896262	0.999999999795678
ENSG00000102878.17	7.5959231024608	12	0.815857263772794	0.999999999795678
ENSG00000223891.6	11.2069781178043	9	0.261788085728441	0.712664879449454
ENSG00000180747.15	5.79700093094289	6	0.446310230532752	0.902078543736978
ENSG00000237595.5	10.3220701904158	6	0.111727874001129	0.441842865623001
ENSG00000235706.8	15.7900535839799	9	0.0713973788041596	0.336536060820715
ENSG00000132361.17	2.3917712389084	3	0.495168242152059	0.936545868418111
ENSG00000230337.1	2.58480303553506	3	0.460160002059717	0.912106879388296
ENSG00000166912.17	1.28714917955722	3	0.732186869667951	0.999999999795678
ENSG00000234420.7	3.42315439930235	6	0.754164007898464	0.999999999795678
ENSG00000197948.11	11.8282779333549	15	0.691977868151744	0.999999999795678
ENSG00000055163.20	33.179841771977	15	0.00443222545948261	0.0545002373289898
ENSG00000169855.20	23.5869614757412	12	0.0231365494035018	0.161975825573565
ENSG00000250067.12		3	1	
ENSG00000166289.6	1.02250743969762	3	0.795806042760106	0.999999999795678
ENSG00000102901.13	10.2781460911137	9	0.328440636537361	0.79184523734236
ENSG00000178917.16	0.80834569260378	3	0.84746983006017	0.999999999795678
ENSG00000227403.2	1.3912153263343	3	0.707595193574322	0.999999999795678
ENSG00000175772.11		3	1	
ENSG00000225973.4	1.85928565311042	3	0.602119460721469	0.999999999795678
ENSG00000272410.5	2.66696179922792	3	0.445871018874736	0.901774786239736
ENSG00000254996.5	3.20281732147032	3	0.361399294825917	0.827514591791538
ENSG00000214654.8	0.237994421819167	3	0.971234452103653	0.999999999795678
ENSG00000203706.8	0.936368108832539	3	0.816643646277009	0.999999999795678
ENSG00000227258.6	6.6390012568063	3	0.0843389114741468	0.371797474345246
ENSG00000175573.7	13.7098853630105	6	0.0330502407495136	0.206423961291454
ENSG00000100744.15	3.66371742009687	3	0.300140987275591	0.762415689299703
ENSG00000232956.9	38.7483298915467	9	1.27886209492332e-05	0.000572803038869798
ENSG00000206145.8	3.33565917354679	3	0.342710309358558	0.806250607903081
ENSG00000137601.17	6.40626040376583	6	0.379250843645895	0.844898760493892
ENSG00000228716.7	41.612544371048	9	3.86816644727856e-06	0.000209061502587249
ENSG00000258315.5	12.2629641466665	9	0.198887349198716	0.613072144469198
ENSG00000196214.11	0.818295831593787	6	0.991574106795564	0.999999999795678
ENSG00000224914.4	15.1756844579832	9	0.0862218927544745	0.375606031034459
ENSG00000062822.15	9.39569279589341	3	0.0244673000642497	0.168957752658324
ENSG00000230533.4		3	1	
ENSG00000140474.14	10.2476910753358	6	0.114601323279414	0.449418478669291
ENSG00000241764.4	1.43802545783274	6	0.963504515896961	0.999999999795678
ENSG00000105409.19	5.75424693976106	3	0.124198394041782	0.472711915726161
ENSG00000237004.4	0.948408418273175	3	0.813732767209829	0.999999999795678
ENSG00000083857.14	1.4591651561841	3	0.69172654222165	0.999999999795678
ENSG00000223396.4	10.2612472783599	3	0.0164711176582744	0.127781196991034
ENSG00000174109.5	11.8100148809244	3	0.00806313036322442	0.0803044199688702
ENSG00000163214.21	4.17595929916479	3	0.243079863860839	0.684490606571664
ENSG00000223652.2	1.42063318284772	3	0.700705405795798	0.999999999795678
ENSG00000254726.3	1.50152554007536	3	0.681918281261322	0.999999999795678
ENSG00000269343.9	16.9792177736445	9	0.0490424200477563	0.267510768842244
ENSG00000167635.11	2.67201935179764	3	0.445003273780645	0.901774786239736
ENSG00000285437.1	10.1272850331807	6	0.119393101813777	0.461623025769851
ENSG00000235162.9	4.16162492020521	6	0.654814525482567	0.999999999795678
ENSG00000103657.14	4.65012475013282	9	0.863679674575985	0.999999999795678
ENSG00000225855.7	8.04595035509556	3	0.0450715348857052	0.254266410571828
ENSG00000227619.3	8.53179330687522	6	0.201671824867696	0.616265919412897
ENSG00000171953.16	16.7297033103241	12	0.160050952551788	0.544267228329423
ENSG00000160999.10	0.212471853084935	3	0.975551237682367	0.999999999795678
ENSG00000232098.3	0.447718764763522	3	0.930217721541656	0.999999999795678
ENSG00000224699.9	0.329339599779587	3	0.954419267803427	0.999999999795678
ENSG00000204650.14	15.0648301396095	6	0.0197584314461689	0.146017870313665
ENSG00000236144.8	27.1683866468748	6	0.000134657848954995	0.00368807831580454
ENSG00000244041.7	2.38901388082229	3	0.49568296174506	0.936545868418111
ENSG00000237310.2	14.9061970413331	6	0.020998972889929	0.151677450019803
ENSG00000007080.11	0.291227751818951	3	0.961669771560296	0.999999999795678
ENSG00000100519.12	10.4462807218806	3	0.0151297690715047	0.120370007716083
ENSG00000234684.7	14.4155365249162	9	0.10829258020141	0.431309160130723
ENSG00000170322.14	0.916833274175588	3	0.821363769334609	0.999999999795678
ENSG00000145050.19	0.44846496838727	3	0.930058446027286	0.999999999795678
ENSG00000236751.2	3.60855144551533	3	0.306953854421852	0.769831912189925
ENSG00000228307.2		3	1	
ENSG00000232671.6	85.9268910307856	9	1.06510886918811e-14	4.11182742976572e-12
ENSG00000164164.17	2.7595634071522	6	0.838362345525693	0.999999999795678
ENSG00000188599.17	18.5114642251424	3	0.000344943844388243	0.0080115458135464
ENSG00000163597.15	12.2478910742066	9	0.199692430975199	0.613919809600279
ENSG00000281398.4	18.4081176974287	6	0.00528926133506054	0.0607366028942434
ENSG00000173531.15		15	1	
ENSG00000079387.14	18.7284241953166	9	0.0276036575218367	0.184031950270995
ENSG00000141337.12	21.5491580057387	6	0.00146097185335649	0.0244598834522551
ENSG00000223573.7	1.7077702040915	3	0.635207685311728	0.999999999795678
ENSG00000166250.12	19.9028943782032	3	0.000177792107928162	0.00459032044259111
ENSG00000233608.4	0.387522836269454	3	0.942807751943687	0.999999999795678
ENSG00000183666.17	13.1023054228772	9	0.158031432240606	0.541030752185217
ENSG00000236901.6		3	1	
ENSG00000178971.16	33.0738203671208	15	0.00458474401274953	0.0554754025542694
ENSG00000103356.18	7.0375689703742	6	0.317386820533642	0.779015272989526
ENSG00000196510.12	9.9376894425659	9	0.355553150047017	0.820904736207974
ENSG00000177685.17	8.60025997880803	6	0.197338385355853	0.609428517286192
ENSG00000196275.14	1.29288324979552	3	0.73082370906551	0.999999999795678
ENSG00000142871.18	55.721771012526	6	3.31345862494485e-10	6.88774591600716e-08
ENSG00000232936.6	1.75361402834105	3	0.625080677609474	0.999999999795678
ENSG00000226742.4	5.57578620966524	6	0.472344649161465	0.921379939815744
ENSG00000235194.9	4.2237840557591	9	0.896075751442145	0.999999999795678
ENSG00000231806.3	0.895993991423438	3	0.826394442076868	0.999999999795678
ENSG00000131389.17		6	1	
ENSG00000233382.7	7.04603783855066	3	0.0704447765843465	0.333974154251051
ENSG00000092758.18	0.313545241486281	3	0.957461178740545	0.999999999795678
ENSG00000223855.2	1.06211183363791	3	0.786227397275911	0.999999999795678
ENSG00000243708.10	0.338979912716923	3	0.952538173622289	0.999999999795678
ENSG00000279170.3	0.868235576202778	3	0.833085728104076	0.999999999795678
ENSG00000254413.8	6.43779276546957	6	0.375974004462182	0.842693186114158
ENSG00000235919.4	0.610548709313662	3	0.894013298320489	0.999999999795678
ENSG00000233369.7	9.97828356190439	3	0.0187516380013057	0.141282090405749
ENSG00000119402.17	24.5867507703479	6	0.00040714221510587	0.0091686164940647
ENSG00000146556.14	1.65152692681545	3	0.647763677639992	0.999999999795678
ENSG00000233006.8	16.2492733519175	6	0.0124767479151891	0.107490962113112
ENSG00000075218.19	3.47448687968426	3	0.324086193387475	0.785930831526252
ENSG00000235823.3	15.3081699063696	9	0.0828114989297473	0.367083608103398
ENSG00000225361.4	3.65258293803981	3	0.301505111259989	0.76384435530773
ENSG00000175470.20	3.95533222613449	6	0.682721289330758	0.999999999795678
ENSG00000227354.7	12.7275267287346	6	0.0475727767440768	0.261827902962818
ENSG00000228812.7	17.819987444881	6	0.00669815949232133	0.0710276173460083
ENSG00000137802.14	3.83181122766428	3	0.280207571167631	0.737398943711648
ENSG00000229833.10	0.86802627221914	3	0.833136132444719	0.999999999795678
ENSG00000237753.2	1.53613687944653	3	0.673955419892598	0.999999999795678
ENSG00000139921.13	3.99299466970115	3	0.262221573328473	0.713126566579649
ENSG00000184007.22	41.0979774468869	12	4.71884321185928e-05	0.0015643405781465
ENSG00000183309.12	16.2465603212827	6	0.0124900139091642	0.107491022039909
ENSG00000226752.9	14.1067561090549	12	0.293943055591973	0.752921438130844
ENSG00000183401.12	8.83545919183962	12	0.716916467213876	0.999999999795678
ENSG00000224817.2	7.198532134895	3	0.0658320003511419	0.322282624907432
ENSG00000169203.16	6.14779359712429	9	0.725040202026471	0.999999999795678
ENSG00000197594.13	2.19737505568764	3	0.532465588438769	0.956996006368001
ENSG00000175061.18	0.831236959784292	3	0.84198189208153	0.999999999795678
ENSG00000122432.18	0.886531435344296	3	0.828676807335715	0.999999999795678
ENSG00000101158.15	20.7292675554927	6	0.00205176337679537	0.0322357474722482
ENSG00000163785.13	3.81822914233635	6	0.701259108821976	0.999999999795678
ENSG00000255154.8	4.39635588752481	6	0.623202363148474	0.999999999795678
ENSG00000197989.14	14.4287259166449	3	0.00237603304099359	0.0355396676445296
ENSG00000163714.18	27.51045542676	12	0.00651969107468728	0.07014848164178
ENSG00000239213.6	0.703234641357085	3	0.872442866272138	0.999999999795678
ENSG00000240204.3	7.7118837200178	3	0.0523570426225629	0.278573347929743
ENSG00000254901.8	1.87899612591355	6	0.930483977720666	0.999999999795678
ENSG00000242474.3	5.64331074940128	6	0.464307612673683	0.915404138119053
ENSG00000114744.9	12.2321721761691	6	0.0569852827940205	0.295006186214
ENSG00000243701.7	3.97020036635604	6	0.680709283153747	0.999999999795678
ENSG00000196369.11	16.524340659922	9	0.056707133574316	0.294129706901459
ENSG00000239523.6	10.0239990167065	12	0.613855142757336	0.999999999795678
ENSG00000243926.2	43.467833625713	3	1.95781261237128e-09	3.37701847840297e-07
ENSG00000109689.17	20.0012136596015	12	0.0670630080030944	0.325167348015004
ENSG00000133624.13	6.55714128238742	9	0.683118800488602	0.999999999795678
ENSG00000114786.16		3	1	
ENSG00000244300.3	2.06204647895356	9	0.990447949705993	0.999999999795678
ENSG00000177679.16	1.18240577179859	3	0.757227153312348	0.999999999795678
ENSG00000114126.18	5.19206085161932	9	0.817254660978767	0.999999999795678
ENSG00000242265.5	27.3560394821179	9	0.00122108117632915	0.021520228470653
ENSG00000006530.18	16.9720068977986	9	0.0491561541080261	0.26763528633564
ENSG00000173889.16		9	1	
ENSG00000128408.9	3.27054645915268	3	0.351763112105762	0.815346100867627
ENSG00000198843.13	23.1969622471952	9	0.00576879887267671	0.0638902356021722
ENSG00000254485.5	17.0739679330527	6	0.00901521108244173	0.0865784348266774
ENSG00000118655.7	1.83991910299119	3	0.606286857294658	0.999999999795678
ENSG00000144867.12	4.10364677963662	6	0.662652448570753	0.999999999795678
ENSG00000241313.3	4.13011643201207	3	0.247752354571208	0.691847773351085
ENSG00000203326.12	10.8388167626106	3	0.012630160116682	0.108395281515042
ENSG00000206573.9	13.7064881322876	9	0.133155761290389	0.487624439071428
ENSG00000160214.13	7.37678253028571	3	0.0608104082276896	0.306971874416387
ENSG00000171084.15	2.91470886762227	3	0.404963190250268	0.869314036265377
ENSG00000171914.16	14.5890344551408	9	0.102860843170412	0.418109557342011
ENSG00000240005.6	4.68272593464644	3	0.196559250645048	0.6082083377784
ENSG00000240024.5	0.9766843913294	3	0.806893393035671	0.999999999795678
ENSG00000229320.3	0.900289433391208	3	0.82535796153227	0.999999999795678
ENSG00000242622.2	2.35300732927658	3	0.502442231935663	0.940498539437178
ENSG00000242802.9	24.3589312221884	12	0.018170529731289	0.138517155184651
ENSG00000196668.4	9.09152379007901	9	0.428869028401156	0.889278816835803
ENSG00000275052.5	4.29923591579427	6	0.636251962916982	0.999999999795678
ENSG00000182796.14	10.9844180053715	12	0.53025453957851	0.954784039576318
ENSG00000117593.12	2.59588862240344	3	0.458210780421009	0.91166625146298
ENSG00000184208.12		6	1	
ENSG00000271853.5	1.30321763057759	3	0.728369160157324	0.999999999795678
ENSG00000240875.6	2.9383102072419	3	0.401234650959608	0.867720232434215
ENSG00000213433.5	3.90458522013978	3	0.271953237399666	0.725954855317448
ENSG00000269609.6	28.3149692981424	6	8.19583134400646e-05	0.00243010752794176
ENSG00000284954.1	2.96588197543497	3	0.396915472759246	0.864069209897746
ENSG00000255152.8	6.77930654768625	6	0.341739997255394	0.804905914511761
ENSG00000257524.6	1.36765139535339	3	0.713134629862678	0.999999999795678
ENSG00000112584.14	1.27394938168163	3	0.735328150963753	0.999999999795678
ENSG00000239969.5		3	1	
ENSG00000122484.9	0.385328045467759	3	0.943256419428928	0.999999999795678
ENSG00000204152.13	30.6150055961443	6	3.00200184828285e-05	0.00111638665064353
ENSG00000266338.6	9.6474785186092	6	0.140304108141731	0.504590029533218
ENSG00000180953.11	6.08628983580093	3	0.107486681587891	0.429592765429695
ENSG00000240990.10	23.235171553878	9	0.00568921073094099	0.0634515392187625
ENSG00000276850.5	1.42612375214594	3	0.699422765707915	0.999999999795678
ENSG00000259332.3	2.34287544105246	3	0.504356906959298	0.942776445635008
ENSG00000026036.22	1.35255226736922	3	0.716693435271524	0.999999999795678
ENSG00000189339.12	0.228885165159227	3	0.972796807791066	0.999999999795678
ENSG00000145743.17	21.9543448494137	6	0.00123415621546127	0.0216370786932518
ENSG00000259024.6	0.501741827579281	3	0.918508573422696	0.999999999795678
ENSG00000269713.7	7.39043999301248	6	0.286242933721426	0.743296432953108
ENSG00000113811.11	1.86168432200793	3	0.601604594662321	0.999999999795678
ENSG00000158457.6	2.91876461162519	3	0.404320402050247	0.869314036265377
ENSG00000171135.15	1.5044299740548	3	0.681248272705051	0.999999999795678
ENSG00000284024.3	3.2068935086827	3	0.360812963741968	0.827237188081485
ENSG00000006377.11	4.55541248554755	6	0.601959205480366	0.999999999795678
ENSG00000270800.3	2.43851583711603	6	0.875284265033668	0.999999999795678
ENSG00000242539.2		3	1	
ENSG00000153006.16	15.0854668250049	6	0.0196022903479153	0.145261213757358
ENSG00000247828.8	6.2391641334998	9	0.71576361422093	0.999999999795678
ENSG00000264538.6	5.87732653967669	9	0.752130456477638	0.999999999795678
ENSG00000162086.16	29.8944591134714	18	0.0384852991844839	0.229056812506154
ENSG00000261716.2		3	1	
ENSG00000284691.1		3	1	
ENSG00000245958.6	6.14781714119363	9	0.725037818918575	0.999999999795678
ENSG00000246273.8	7.83108248026133	3	0.0496348157675839	0.268731394860962
ENSG00000248049.7	2.88225022718007	6	0.82347399052835	0.999999999795678
ENSG00000245248.8	6.330810689582	9	0.706406935701819	0.999999999795678
ENSG00000245146.7	3.26984246087295	3	0.351862116563465	0.815346100867627
ENSG00000247240.8	8.91457240936643	6	0.178439768170618	0.575679026564556
ENSG00000246596.7	1.61712360730917	3	0.655513419501707	0.999999999795678
ENSG00000244879.8	41.0937349891683	9	4.80922819118892e-06	0.000247952289182208
ENSG00000245937.8	21.2563879618301	15	0.128835710107503	0.479322981414704
ENSG00000245149.4	22.9315650960666	3	4.1731333926183e-05	0.00143964223038113
ENSG00000247708.8	4.22118602739874	6	0.646771809675049	0.999999999795678
ENSG00000247796.3	19.3987365182761	6	0.00354063723933803	0.0472882143316531
ENSG00000246982.7	0.500329126752945	3	0.918819097993171	0.999999999795678
ENSG00000245532.9	3.5535405993578	6	0.736833264777939	0.999999999795678
ENSG00000245105.4	5.13280722659056	6	0.526896075226214	0.953930079318061
ENSG00000247679.3	1.76491276497086	3	0.622599910893568	0.999999999795678
ENSG00000245849.8	9.41517563279103	9	0.399865121023514	0.866200011748825
ENSG00000246695.8	8.55619700125862	6	0.200118175280543	0.613955835811242
ENSG00000254166.3	22.0474247522361	9	0.00872988394226216	0.084562323228878
ENSG00000246174.9	9.47146738085939	9	0.394938947380479	0.863096489269252
ENSG00000247572.8		6	1	
ENSG00000248092.8	1.35690401126431	6	0.968427439693426	0.999999999795678
ENSG00000247092.7	10.2360016088533	9	0.331719687242284	0.792794475177161
ENSG00000247095.3	7.04227666717225	6	0.316955177751598	0.77888924705432
ENSG00000245614.4	1.14456666875094	3	0.766327841943384	0.999999999795678
ENSG00000247137.9	27.2660084909521	12	0.00707363538336581	0.0736148421732306
ENSG00000244968.7	16.8673670591297	3	0.000752546500346436	0.0150639369834779
ENSG00000248008.3	2.38814512027784	3	0.495845219908735	0.936545868418111
ENSG00000246859.3	9.47417402961946	6	0.148614236008061	0.520881485688184
ENSG00000247134.7	29.7920204914108	6	4.30533113440638e-05	0.00146165405821274
ENSG00000246582.3	5.47488822649029	9	0.791103801153192	0.999999999795678
ENSG00000247556.6		12	1	
ENSG00000246067.8		3	1	
ENSG00000247271.7	14.5339825633009	9	0.104558018455699	0.422462606817905
ENSG00000245694.10	17.8022629686602	9	0.0375381902774865	0.22525692714995
ENSG00000248015.7		3	1	
ENSG00000247516.8	9.15542633248697	3	0.0272942160316264	0.182871247411897
ENSG00000174695.10	9.80438379582483	6	0.133135249529578	0.487624439071428
ENSG00000146067.16	5.55636957213574	9	0.783365487124179	0.999999999795678
ENSG00000196670.14	6.36217259340265	6	0.383865063269096	0.850271603257531
ENSG00000048162.21	1.37662924281904	3	0.71102199371605	0.999999999795678
ENSG00000269556.8	1.30492016678909	6	0.971385705677271	0.999999999795678
ENSG00000113716.13	17.3928015760248	6	0.00794304487482675	0.0796958722775006
ENSG00000198585.12	3.58711856802165	3	0.309637665778354	0.773092872332957
ENSG00000218336.9	3.57924088161963	3	0.310629332093008	0.774091905806734
ENSG00000272602.6	0.709532745758679	3	0.870959493525638	0.999999999795678
ENSG00000183718.5	21.617455005121	9	0.0101737400028804	0.0940461917940154
ENSG00000250362.1	3.28957527341231	3	0.349096210063636	0.813093807103948
ENSG00000250337.7	23.8039044987477	9	0.0046223403441085	0.0556789755936142
ENSG00000237187.9	17.3285672074285	9	0.0438124773665909	0.250132221134474
ENSG00000251141.6	12.7903275314293	6	0.0464890613712259	0.258064525873078
ENSG00000249592.6	14.7704062304183	9	0.0974386748315298	0.404381366810847
ENSG00000234616.9	26.6157623482031	9	0.00161872252030544	0.0266727306343825
ENSG00000129128.13	15.5768918003087	3	0.00138448993691136	0.0235305239382398
ENSG00000250420.8	0.167423382380093	3	0.982668575560003	0.999999999795678
ENSG00000250132.6	8.27453165156567	9	0.506734408154856	0.943584911996937
ENSG00000251022.6	62.455594264211	15	9.49490104263709e-08	8.74717758552942e-06
ENSG00000249673.7	6.56074493140523	6	0.363383472878349	0.829611324873211
ENSG00000134987.11	12.3008272921525	3	0.00642058853760315	0.0693098685410769
ENSG00000138767.13	0.801830428520361	3	0.849029169093205	0.999999999795678
ENSG00000251136.9	6.98406650799791	3	0.0724073647785136	0.339310119225093
ENSG00000150779.12	10.8092402377806	6	0.094454067422289	0.396756023104921
ENSG00000213888.3	5.96438007205279	3	0.113356130880917	0.44657549245249
ENSG00000248508.8	10.4289964327509	9	0.316884022592208	0.77888924705432
ENSG00000001084.13	3.76504634129287	6	0.708436293869388	0.999999999795678
ENSG00000248593.3	13.7949124383558	3	0.00319802937015261	0.0441676730899952
ENSG00000063438.18	22.2598961501781	9	0.00809079109745881	0.08038240616066
ENSG00000249859.12	45.452346275817	15	6.49483620525014e-05	0.00201738073241237
ENSG00000174780.17	1.21358881607011	3	0.749747031362149	0.999999999795678
ENSG00000109323.11	37.5848070233442	6	1.35405763181645e-06	8.71217874693333e-05
ENSG00000250451.5		3	1	
ENSG00000224186.8	5.83832505447413	6	0.441542735510343	0.899209500740321
ENSG00000196312.15		15	1	
ENSG00000251365.4	0.925125512422028	3	0.819360598776997	0.999999999795678
ENSG00000113658.18	22.5044498627112	9	0.00741057641973838	0.0765319019551835
ENSG00000249740.3	0.177162818004945	3	0.981188970466534	0.999999999795678
ENSG00000215158.9	7.04932142262192	3	0.0703422356831283	0.333878515622436
ENSG00000206149.10	13.9260671823267	12	0.305454412272879	0.768088995129103
ENSG00000250012.2	1.03581154456447	3	0.792587521281652	0.999999999795678
ENSG00000251562.8	14.0685090908664	12	0.296354825023696	0.756930546954368
ENSG00000250222.2	4.61163268396649	3	0.202546439446813	0.617077784515337
ENSG00000249196.6		3	1	
ENSG00000272414.6	3.83851350315763	3	0.279438034398234	0.736477290268688
ENSG00000178980.15	0.35843280795234	3	0.948688876496873	0.999999999795678
ENSG00000250299.6	2.14641756806304	3	0.54257939783514	0.962599961690848
ENSG00000177034.17	8.183780951156	3	0.0423623469519264	0.246187488701984
ENSG00000251151.2	7.11193034989265	6	0.310619948452879	0.774091905806734
ENSG00000080819.9	2.60940676209066	3	0.455842806084146	0.909196405803618
ENSG00000249199.2	0.0363642243673894	3	0.998175695243916	0.999999999795678
ENSG00000248323.7	19.2483517280416	12	0.0827086780615312	0.367083608103398
ENSG00000251580.3		3	1	
ENSG00000251493.5	2.82757341498268	3	0.418980933615322	0.881859962559562
ENSG00000251026.2	10.3725174885549	6	0.109815870617826	0.436144939236944
ENSG00000253642.6	2.13890487374931	3	0.54408222669885	0.963073059355366
ENSG00000185728.17	5.4672812554054	3	0.140608710133328	0.504833841032281
ENSG00000253320.7	0.458071315931647	3	0.928001529937431	0.999999999795678
ENSG00000253716.6	19.4679906607707	6	0.00344211513828969	0.0468158662266163
ENSG00000253227.2	1.68369040148809	6	0.946373440000362	0.999999999795678
ENSG00000253552.8		3	1	
ENSG00000169139.12	3.79639469819085	12	0.986836374508419	0.999999999795678
ENSG00000253686.2	10.5543737420364	6	0.103164739553832	0.41876806677351
ENSG00000185697.16	9.0123947735151	6	0.172882196658581	0.567682723603794
ENSG00000253210.2	2.14633735050666	3	0.542595428539326	0.962599961690848
ENSG00000253669.4	6.63711702685498	3	0.0844089969958414	0.371904205785482
ENSG00000169499.15	0.800125966868109	3	0.849436903538567	0.999999999795678
ENSG00000253981.5	1.76426436730799	3	0.622742110271852	0.999999999795678
ENSG00000197763.18	4.21320543199545	6	0.647848796228727	0.999999999795678
ENSG00000253352.9	10.6464188088685	9	0.300725579563726	0.763300649193213
ENSG00000253710.4	11.4059039200683	6	0.0766128766637885	0.350113072780909
ENSG00000253187.2	3.950175933418	3	0.266894733429769	0.719798936764849
ENSG00000175445.17	9.96503960218979	3	0.0188656612757167	0.141640725659777
ENSG00000245910.8	0.442311489023268	3	0.931369691178456	0.999999999795678
ENSG00000254615.3	1.74146139798722	3	0.627755656285245	0.999999999795678
ENSG00000253368.4	2.99548581147519	3	0.392321699122989	0.860264113564833
ENSG00000255248.9	13.3290003913435	6	0.0380989261913388	0.227443295017072
ENSG00000160695.15	1.0618002971969	3	0.786302710521641	0.999999999795678
ENSG00000255517.6	2.72517445716039	6	0.842464842601934	0.999999999795678
ENSG00000160172.10	6.04374541841844	6	0.418307586698992	0.880902238199342
ENSG00000196696.13	0.54464559594544	6	0.997252026344449	0.999999999795678
ENSG00000151503.13	3.69824253168554	6	0.717434459253103	0.999999999795678
ENSG00000226232.8	3.42574711194266	3	0.330520928293947	0.792478416921895
ENSG00000254986.7	0.352621990488842	6	0.999199217851513	0.999999999795678
ENSG00000284969.1	9.383049601739	9	0.402692539032365	0.869176894019005
ENSG00000255284.2	10.3676544789214	9	0.321549351038327	0.783375732432276
ENSG00000254837.2		3	1	
ENSG00000071894.17	20.2488652969696	15	0.162592356457883	0.54922343075169
ENSG00000149428.19	0.865888450658531	3	0.833650913948588	0.999999999795678
ENSG00000118369.13	6.621692672275	6	0.357252863962395	0.822330768921959
ENSG00000255100.1	5.41568697445109	3	0.143769344516092	0.511634427117321
ENSG00000254416.6	7.727153842392	6	0.258781937924643	0.709724347346104
ENSG00000256235.2	1.63725775545458	3	0.650971687853066	0.999999999795678
ENSG00000230724.9	1.0533392134098	3	0.788348409084298	0.999999999795678
ENSG00000182359.15	4.42081372961411	3	0.219463213669132	0.643002628556435
ENSG00000255031.5	0.769458247499188	3	0.856757389651971	0.999999999795678
ENSG00000196535.16	5.44671369879325	6	0.487920331655929	0.931160576444118
ENSG00000137710.17	3.43104752799263	3	0.329815750508147	0.792478416921895
ENSG00000254531.1	3.67631560569043	3	0.2986041836007	0.759629944230337
ENSG00000255339.6		3	1	
ENSG00000254788.7	12.8880204470622	3	0.00488513310002918	0.0574800784353216
ENSG00000213906.10	3.64708440910908	3	0.302180792492892	0.76531698992186
ENSG00000254635.6	0.0881092122917835	6	0.999986212387886	0.999999999795678
ENSG00000178814.17	4.65134112497162	6	0.58924305148588	0.992312716742008
ENSG00000254469.7	7.66861304078179	6	0.263400520132079	0.713937819027338
ENSG00000175390.14	1.6790012018173	3	0.641612355843669	0.999999999795678
ENSG00000255439.6	7.01532924735375	3	0.0714107788986707	0.336536060820715
ENSG00000255198.4	0.953367633570451	3	0.812533530923127	0.999999999795678
ENSG00000254681.6	2.14092271615982	3	0.543678284643016	0.962778473918945
ENSG00000254632.2	2.76612337320216	3	0.429107016591426	0.889278816835803
ENSG00000225138.8	30.3373073399853	18	0.0342933897589379	0.211258746790053
ENSG00000275778.2	0.507761140956063	3	0.917183044216737	0.999999999795678
ENSG00000255717.7	230.642311308504	9	1.20492854751005e-44	4.88417786733198e-41
ENSG00000111530.13	31.1376080440168	12	0.00187702367270159	0.0300138676816407
ENSG00000255857.6	12.3692961954403	9	0.193281569611879	0.603362989928189
ENSG00000159403.18	24.9850914779418	9	0.00298771647742402	0.0421242043173505
ENSG00000256364.1	0.20014315156368	3	0.977566184892285	0.999999999795678
ENSG00000033030.15	6.4639291390522	6	0.37327269772	0.839941814353897
ENSG00000104983.8	7.33226194604822	6	0.291209521128391	0.748758511826155
ENSG00000256591.5	1.283356449454	3	0.733088995477718	0.999999999795678
ENSG00000256594.8	5.95666015914821	6	0.428062540824962	0.888692138095284
ENSG00000125447.18	1.64016424677629	9	0.995967250161925	0.999999999795678
ENSG00000256967.1	1.38435473699701	3	0.709206131084951	0.999999999795678
ENSG00000161714.12	17.7591281060741	12	0.123202356590735	0.470245529605031
ENSG00000256940.2	2.87202673197316	3	0.411779867860221	0.875504691513981
ENSG00000256525.8	7.18598088144609	6	0.303989874976671	0.766850908694932
ENSG00000265491.5	0.573286332835778	3	0.902519684185228	0.999999999795678
ENSG00000105289.15		3	1	
ENSG00000258839.4	9.17058695880633	6	0.164209230632877	0.552233898867704
ENSG00000256433.3	0.633602792214333	3	0.888698509906731	0.999999999795678
ENSG00000256092.2	1.50873610430381	3	0.680255514808789	0.999999999795678
ENSG00000105197.11	4.91970416068216	9	0.841250897630378	0.999999999795678
ENSG00000250988.7	14.5356590635347	9	0.10450597548993	0.422462606817905
ENSG00000100714.17	3.61630971112754	3	0.305987480432185	0.768714131968925
ENSG00000089022.14	26.9512723383705	9	0.00142496265478016	0.024019125769618
ENSG00000219200.11	0.596758416038938	3	0.897174057409412	0.999999999795678
ENSG00000257489.6	2.8624660448636	3	0.413319855059078	0.876562463444147
ENSG00000257167.2	3.60816414774854	3	0.307002167523132	0.769831912189925
ENSG00000257337.7	1.91191272526112	3	0.590889272890503	0.993542073588919
ENSG00000257698.2	13.4228225080951	9	0.144388566218616	0.512171299539401
ENSG00000244306.11	8.92006316710103	9	0.444685606797642	0.901774786239736
ENSG00000225210.10	18.2854775807718	9	0.032002289726807	0.201587072894502
ENSG00000161939.19	4.46046841573389	3	0.215843635082226	0.638292681804664
ENSG00000258017.2	8.48753913866131	6	0.204515043256227	0.620931487230206
ENSG00000258289.8	3.14087865133479	6	0.790968751456144	0.999999999795678
ENSG00000257660.5	2.6139787298921	3	0.455044163607897	0.908855145200596
ENSG00000258325.2	0.527263249563475	3	0.912862243550058	0.999999999795678
ENSG00000139405.16	12.2916493938174	6	0.0557698994416227	0.290756639725553
ENSG00000257285.6		3	1	
ENSG00000257122.5		3	1	
ENSG00000257815.7	9.45789289897039	6	0.149416611939494	0.521895938385815
ENSG00000257303.2	0.0941980188135858	3	0.9925244761295	0.999999999795678
ENSG00000136098.17	5.15665571056684	6	0.523883753717184	0.952697530593363
ENSG00000255769.7	33.0593695219359	12	0.000947580324466937	0.0177824853945682
ENSG00000257621.8	5.66762788536471	6	0.461432467733075	0.912398296563912
ENSG00000205659.11	5.62736461519899	3	0.131216182691192	0.484191894891894
ENSG00000258890.7	5.16707204035447	6	0.522570576883405	0.951162924740405
ENSG00000259065.2	5.7846990542721	3	0.122568073260635	0.468939704134617
ENSG00000258643.5	2.99152535177473	3	0.392933646726363	0.861182231416768
ENSG00000272888.7	4.49229260229913	9	0.876135022456972	0.999999999795678
ENSG00000259153.2	3.32416059198886	6	0.767198075623097	0.999999999795678
ENSG00000258301.3	3.31402226311002	3	0.345695770337855	0.808351776789441
ENSG00000100796.17	3.95909098179618	9	0.91408434762867	0.999999999795678
ENSG00000259146.4	6.28207261024932	3	0.0986648139550877	0.406193622189188
ENSG00000258704.6	14.6442666336766	6	0.0232114938575188	0.162360293962817
ENSG00000258927.2	3.50282216017263	3	0.320396280515874	0.782365254862105
ENSG00000258441.1	2.89436366471318	3	0.408200608554467	0.87219053978407
ENSG00000258620.2	3.42125698268842	3	0.331119340179568	0.792794475177161
ENSG00000140443.15	12.7079724606992	9	0.176271482950917	0.572777860794597
ENSG00000273749.5	13.7070315372475	6	0.0330856022592335	0.206485740966594
ENSG00000259426.6	25.3562121636833	9	0.00260140302416708	0.0379308890592132
ENSG00000092439.16	7.09514769613816	3	0.0689261375879702	0.330636471352011
ENSG00000229212.8	3.32527354285685	3	0.344140500345175	0.807147825878622
ENSG00000259429.5	0.498711965192001	3	0.919174296034584	0.999999999795678
ENSG00000259479.6	2.64617279775484	3	0.449452297031952	0.904036432087946
ENSG00000259248.7	1.47675172869594	3	0.687646319487622	0.999999999795678
ENSG00000259330.3	2.69214852478672	3	0.441563219741855	0.899209500740321
ENSG00000259357.2	12.6268465406029	3	0.00551716398096625	0.0625561515995711
ENSG00000261824.7	7.32800291334934	9	0.603010513810856	0.999999999795678
ENSG00000260442.5	2.42192246207014	3	0.489566810237474	0.932431783021441
ENSG00000197774.13	0.0480215067002519	3	0.997241173253007	0.999999999795678
ENSG00000166446.15	10.8506181774314	6	0.0931044414729786	0.393328664419717
ENSG00000167962.14	31.6308321931938	12	0.00157729281840008	0.0261495150895081
ENSG00000213599.10	14.2237838216251	9	0.11458451419026	0.449418478669291
ENSG00000259972.3	3.81039799600762	3	0.282678983831582	0.739251136104075
ENSG00000261094.2	1.70278999464563	3	0.636313694178864	0.999999999795678
ENSG00000261777.6	0.568865935743588	3	0.903521320949822	0.999999999795678
ENSG00000162065.14	12.033071938218	6	0.0612350638287151	0.308534905195397
ENSG00000161999.13	0.524959234087874	3	0.913374739561641	0.999999999795678
ENSG00000261373.1	4.21156863518354	3	0.239506194790262	0.677931083961579
ENSG00000288568.1	0.483782069712902	3	0.922439697520814	0.999999999795678
ENSG00000260007.3	1.80593438417736	3	0.61364439950219	0.999999999795678
ENSG00000260565.7	14.7588227752744	9	0.0977773170547406	0.404459953349968
ENSG00000260136.6	14.095736442287	6	0.0285848271033156	0.188251172483006
ENSG00000260279.4		3	1	
ENSG00000284906.2	1.77426439867804	3	0.620551239745734	0.999999999795678
ENSG00000260448.6		3	1	
ENSG00000260630.7	9.58391657415984	3	0.0224551841687417	0.15871332001394
ENSG00000214575.9	0.82444670464497	3	0.84361120939836	0.999999999795678
ENSG00000260001.6	0.687275472106194	3	0.876192727198771	0.999999999795678
ENSG00000261790.2	20.6624810550075	6	0.00210908216654995	0.0328182900656822
ENSG00000260643.2	0.617962357227953	3	0.892308270588442	0.999999999795678
ENSG00000261840.3		6	1	
ENSG00000261684.2	0.962034654227864	3	0.81043733438612	0.999999999795678
ENSG00000260083.2	12.0236066690504	6	0.0614442359458364	0.309012667998074
ENSG00000261556.10	2.32526718230747	6	0.887487664233477	0.999999999795678
ENSG00000261740.6	0.144537584979844	3	0.986002954735387	0.999999999795678
ENSG00000205923.3		3	1	
ENSG00000261188.1	9.258879959767	3	0.0260397817980774	0.177191746323601
ENSG00000260276.2	0.587981637288749	3	0.899178106778451	0.999999999795678
ENSG00000261040.7	0.708257268594025	3	0.87126005899802	0.999999999795678
ENSG00000285035.1	4.81411778492384	3	0.185925458323272	0.590933264471912
ENSG00000261326.4	0.629148662488774	3	0.88972821995665	0.999999999795678
ENSG00000261609.8	24.1666733160101	3	2.30563573150597e-05	0.000915428017999105
ENSG00000261408.7	8.05924423493411	3	0.0448030430348809	0.25364404321493
ENSG00000260233.3	11.8896273542418	3	0.00777097440541081	0.078935887096123
ENSG00000260853.2	3.29167187779808	3	0.348803447303016	0.813038972767552
ENSG00000262580.5	0.236439001508188	3	0.971502874804558	0.999999999795678
ENSG00000262879.6		12	1	
ENSG00000184009.12	5.72567498264834	3	0.125746818893668	0.474153237567893
ENSG00000141543.12	1.882615043025	6	0.930171560717303	0.999999999795678
ENSG00000263072.8	18.4998867186641	9	0.029797471524532	0.192870230768953
ENSG00000262454.4	3.59613668905786	6	0.73113829704758	0.999999999795678
ENSG00000261971.8	2.8004852950578	6	0.833439095653046	0.999999999795678
ENSG00000262185.3	2.81595654907233	9	0.971146706276524	0.999999999795678
ENSG00000182310.14	5.29653620749741	9	0.807730296896328	0.999999999795678
ENSG00000261879.7	12.3843384622918	6	0.0539238131121743	0.283686147242308
ENSG00000262877.5	0.965234761341662	3	0.809663264664162	0.999999999795678
ENSG00000262633.2		3	1	
ENSG00000185332.8	2.78229276831428	3	0.426423143953296	0.886868247313846
ENSG00000181222.18	5.37079236478894	3	0.14657418027156	0.516484681291761
ENSG00000262001.1	4.05512760699821	3	0.255572545229632	0.705697079079231
ENSG00000226137.5	0.0835872217637643	3	0.99373149116278	0.999999999795678
ENSG00000261884.2	4.11460505310833	3	0.249351819435195	0.694629813659294
ENSG00000263004.2	0.956142465882863	3	0.811862457113332	0.999999999795678
ENSG00000284634.1	10.4453025544483	6	0.107108959293198	0.42889520090473
ENSG00000263753.8	0.629034001957962	3	0.889754709557671	0.999999999795678
ENSG00000265096.2	13.7310816716172	3	0.00329501680070852	0.0451847914341129
ENSG00000264247.2	13.8662935424591	12	0.30932795245293	0.772802337948305
ENSG00000265190.7	0.663914244402122	3	0.88165703414467	0.999999999795678
ENSG00000266401.2	9.42729411409164	6	0.150934831861246	0.524262502955922
ENSG00000270882.2	21.6784721069271	6	0.00138447256376956	0.0235305239382398
ENSG00000076351.13	3.96802203537482	6	0.681004070516251	0.999999999795678
ENSG00000263528.8	1.36332329203515	3	0.714154018130108	0.999999999795678
ENSG00000265458.2	0.522309842694767	3	0.91396339929386	0.999999999795678
ENSG00000266412.5	1.57213066085387	3	0.665725383211723	0.999999999795678
ENSG00000265681.7	2.33207569317892	3	0.506403921049248	0.943584911996937
ENSG00000263412.1	1.17534221135065	3	0.758924137793568	0.999999999795678
ENSG00000270820.6	1.9388798633903	3	0.585188818394164	0.991043607838205
ENSG00000005243.10	4.4554563200636	6	0.615288373776768	0.999999999795678
ENSG00000270276.2		3	1	
ENSG00000266405.3	11.304392169933	3	0.0101887983563415	0.0940781187640782
ENSG00000214425.8	0.0759330601295005	3	0.994560068198204	0.999999999795678
ENSG00000266472.6	11.3190441564366	3	0.0101200498501381	0.0936566713870658
ENSG00000104904.12	0.477459361311048	3	0.923814839831197	0.999999999795678
ENSG00000270629.6	14.365101544216	6	0.0258133125740695	0.176003805751036
ENSG00000270231.4	0.71981963116923	3	0.868532565686628	0.999999999795678
ENSG00000130175.9	4.4506554226391	9	0.879332506098599	0.999999999795678
ENSG00000267080.6	17.6377930484859	6	0.00720408288233269	0.0745893996514319
ENSG00000267121.6	9.90863235465577	6	0.12855281766961	0.479322981414704
ENSG00000178093.14	13.4354387042888	6	0.036619323371347	0.222044019873979
ENSG00000127540.12	0.0728496685624123	3	0.994883317237309	0.999999999795678
ENSG00000186185.14	15.6240500747736	6	0.0159205923727607	0.124439756101924
ENSG00000005206.17	29.7795824405839	15	0.0127415929364983	0.108618395306196
ENSG00000267106.8		3	1	
ENSG00000267575.7	26.6647006027197	15	0.0315900124536508	0.199766170796994
ENSG00000142279.13	0.126745065841078	3	0.988445214048549	0.999999999795678
ENSG00000267523.1		3	1	
ENSG00000267530.3	8.97274437163287	6	0.175116720746906	0.571176430834071
ENSG00000267248.3	18.380504977124	9	0.0310070179403103	0.19795636437768
ENSG00000266903.2	1.78926272118406	3	0.61727427096613	0.999999999795678
ENSG00000132478.10	6.95044207566571	6	0.325454634378938	0.787519747667895
ENSG00000175322.12	12.7294857669276	12	0.389005597282201	0.856708010725622
ENSG00000197256.10	2.84768831364272	6	0.827706453250335	0.999999999795678
ENSG00000267265.5	6.54108804380678	3	0.0880561013161326	0.381749098058763
ENSG00000267419.2	1.0130879870627	3	0.798085092101465	0.999999999795678
ENSG00000167674.15	11.2223209797885	6	0.0817436071623675	0.364518934689391
ENSG00000099821.14	2.42853732941148	3	0.48834451623183	0.931470271014876
ENSG00000267757.4	11.9499634727654	6	0.0630944120868119	0.314925265944673
ENSG00000263465.4	3.61316795004677	3	0.30637849337782	0.769070266070612
ENSG00000266970.1	0.515951149323882	3	0.915373295897427	0.999999999795678
ENSG00000152242.11	3.62492266191475	6	0.727281880370036	0.999999999795678
ENSG00000006125.18	2.23240391195577	3	0.525594044620083	0.953075047686057
ENSG00000174652.19	6.07596284998726	15	0.978443303817533	0.999999999795678
ENSG00000267751.5	5.94638028918507	6	0.429223367055668	0.889278816835803
ENSG00000267432.6	4.4196118984064	6	0.620085536056359	0.999999999795678
ENSG00000267288.2	2.91325123777551	3	0.405194416895783	0.869314036265377
ENSG00000267002.4	7.55143420883178	12	0.819129307741261	0.999999999795678
ENSG00000267374.2	23.7865972592545	15	0.0688071836729711	0.33054141180318
ENSG00000267040.6		3	1	
ENSG00000267321.3	2.31154533949302	3	0.510312735425725	0.945840271169719
ENSG00000167747.15	18.7812385690486	6	0.00454949055251769	0.0552136525587738
ENSG00000269837.1		3	1	
ENSG00000268388.6	5.89226286797566	9	0.750650813556482	0.999999999795678
ENSG00000267858.6	1.64185288855924	6	0.949521460522977	0.999999999795678
ENSG00000269352.1	11.7954884251067	6	0.0666898425730061	0.324375514609243
ENSG00000268750.7	12.3991398137575	3	0.00613375918462382	0.0669264948987151
ENSG00000268621.6	15.9827429305515	6	0.0138468936941232	0.113390673917431
ENSG00000161677.12	3.09101963273133	6	0.797339292881151	0.999999999795678
ENSG00000268362.6	5.57901922252631	3	0.133988045323851	0.489297785333541
ENSG00000269439.6	24.8439074405569	9	0.00314878798220351	0.0437859762808299
ENSG00000198816.7	0.576300156108118	3	0.901835821854418	0.999999999795678
ENSG00000268350.7	8.10078859336863	6	0.230811908383226	0.662368899562057
ENSG00000104783.14	0.711168087331316	3	0.870574011454425	0.999999999795678
ENSG00000269293.3	9.28089299497424	3	0.0257802451908694	0.175926302830285
ENSG00000269893.8	10.2007659343944	12	0.598352575544485	0.998115578458708
ENSG00000269929.3	10.5130756286744	3	0.0146724594561725	0.117710768994911
ENSG00000270885.2		3	1	
ENSG00000270647.6	5.59320617216872	3	0.133168929086486	0.487624439071428
ENSG00000271133.5	3.43310119602666	3	0.32954288214766	0.792478416921895
ENSG00000271335.6	1.73627319542038	3	0.628899771906902	0.999999999795678
ENSG00000271334.6	3.98390894395732	3	0.263206923781775	0.713937819027338
ENSG00000271270.7	16.9061390393181	9	0.0502062788393643	0.27098688585268
ENSG00000270195.2	0.987821768367667	3	0.804198695790129	0.999999999795678
ENSG00000272398.6	9.64097632579615	6	0.140608376940745	0.504833841032281
ENSG00000272146.6	3.67785879201256	3	0.298416420149284	0.759629944230337
ENSG00000272142.4	1.40302165834078	6	0.965674345432762	0.999999999795678
ENSG00000271895.2	9.8420099919922	3	0.0199579701749011	0.147140793882962
ENSG00000272047.3	0.150354936255098	3	0.985175154164782	0.999999999795678
ENSG00000273061.1	3.36995832471598	3	0.338023834049228	0.799571290699625
ENSG00000272758.6	6.83321699520093	6	0.336547105733708	0.798240897069389
ENSG00000272721.5		3	1	
ENSG00000272599.2	0.5032728943861	3	0.918171784917477	0.999999999795678
ENSG00000272870.3	20.4703187915095	6	0.00228287541494031	0.0344649866273634
ENSG00000272677.1	1.40659822457019	3	0.703988802113967	0.999999999795678
ENSG00000273136.7	2.28636515186145	3	0.515138013295354	0.948710557425132
ENSG00000275835.5	8.42300304515629	6	0.208721361204741	0.627635042762179
ENSG00000278535.5	4.0409771185914	3	0.257073202641918	0.706925341748577
ENSG00000278259.4	1.63258535070054	6	0.950206223129857	0.999999999795678
ENSG00000275895.7	0.962313875905238	3	0.810369795704592	0.999999999795678
ENSG00000277258.5	11.2759265792338	12	0.505431483934015	0.943584911996937
ENSG00000276291.5	1.54552726719157	6	0.956413181125647	0.999999999795678
ENSG00000278133.1	3.88009746380158	3	0.274705909474853	0.729540119466787
ENSG00000276234.5	2.06368215824568	6	0.913749516985133	0.999999999795678
ENSG00000274333.4	6.08743947950461	6	0.413466739880402	0.876562463444147
ENSG00000275111.5	1.65240463886221	3	0.647566642886512	0.999999999795678
ENSG00000278311.5	5.29209817083756	6	0.506931593335993	0.943672658363925
ENSG00000275023.5	3.86909191252016	3	0.27595122008755	0.731090372957441
ENSG00000275074.2	2.10190476347543	3	0.5515275128414	0.966210808531499
ENSG00000276141.4	2.95347080763349	6	0.814663688137165	0.999999999795678
ENSG00000276045.3	1.19730205617816	3	0.753651462528433	0.999999999795678
ENSG00000274265.5	1.97909975134826	3	0.576755942315496	0.984785262079134
ENSG00000277053.4	3.21467061531985	6	0.781461118346289	0.999999999795678
ENSG00000273559.5	2.77605292787848	6	0.836383840874613	0.999999999795678
ENSG00000275066.5	7.2888851333264	9	0.607070008212965	0.999999999795678
ENSG00000278540.5	15.130397098008	6	0.019266407373671	0.143614139642764
ENSG00000277363.5	9.68851055180448	6	0.138397333031292	0.499977163811009
ENSG00000278053.5	2.936872341661	3	0.401460976830428	0.867905103777141
ENSG00000273611.5	2.85233479362796	3	0.41495698129417	0.877656208544699
ENSG00000274605.2	0.924822258475615	3	0.819433868699933	0.999999999795678
ENSG00000273590.4	18.7100256807277	6	0.00468244111385793	0.0560717136042042
ENSG00000276043.5	3.26811548486148	6	0.774520778405064	0.999999999795678
ENSG00000274211.6	4.27461682539661	6	0.639567460031938	0.999999999795678
ENSG00000276550.4	11.4603879568895	6	0.0751479713724066	0.345832395382395
ENSG00000276075.1	5.35775072575416	3	0.147398624550492	0.517971672835213
ENSG00000277972.2	2.08078027010197	6	0.912121256124555	0.999999999795678
ENSG00000226067.7	3.36720754809357	6	0.761545054785707	0.999999999795678
ENSG00000263956.6	8.27427123520101	9	0.506760153792395	0.943584911996937
ENSG00000278611.2		3	1	
ENSG00000276293.4	1.64850818131254	3	0.648441606411592	0.999999999795678
ENSG00000278768.2	6.24861195635174	3	0.100121675967865	0.410564707673993
ENSG00000277161.2	8.78384384957462	6	0.186104438854745	0.590933264471912
ENSG00000274372.5		3	1	
ENSG00000275832.5	4.61223245701422	9	0.86671735311946	0.999999999795678
ENSG00000275325.4	4.11392267823396	3	0.249422398860516	0.694629813659294
ENSG00000278390.5	4.52929439186778	3	0.209692131198377	0.62985331886819
ENSG00000275496.4		3	1	
ENSG00000278175.4	3.07758365048312	6	0.799048186083383	0.999999999795678
ENSG00000274471.2	1.11897185352859	3	0.77249628914493	0.999999999795678
ENSG00000280071.4	5.10550067885197	3	0.164232876547432	0.552233898867704
ENSG00000274629.1		3	1	
ENSG00000142867.14	15.1521880406681	3	0.00169110576397862	0.0274745379330153
ENSG00000278932.4	2.52459224994573	3	0.470863102873654	0.921379939815744
ENSG00000280018.4		9	1	
ENSG00000279094.3	1.4185514394801	3	0.701191990556671	0.999999999795678
ENSG00000278903.3	16.1322599988462	6	0.0130614076472152	0.110408663708527
ENSG00000280441.3	18.89368362449	9	0.0261122088044685	0.177444825463392
ENSG00000287151.1	0.530500781553428	3	0.912141205868003	0.999999999795678
ENSG00000281649.2	6.10978013407839	6	0.41100557281366	0.874821562945621
ENSG00000280670.3	12.4647869015853	6	0.0523678034100073	0.278573347929743
ENSG00000280832.1	22.2983834659335	3	5.65396485666442e-05	0.00179751737619523
ENSG00000280594.1	0.726031547494131	3	0.867064651991769	0.999999999795678
ENSG00000281856.1	8.54181695386683	3	0.0360456987441701	0.219716150164652
ENSG00000282458.1	33.4171740163001	12	0.000832989378750685	0.0161556097931383
ENSG00000282851.2	41.4409082169277	15	0.000273850463614142	0.00664702307940075
ENSG00000283103.3	5.74623359317047	3	0.124630826575871	0.473103134200878
ENSG00000282988.2	5.00106542886533	6	0.543676473591308	0.962778473918945
ENSG00000283674.3	0.823549712400791	3	0.843826355231583	0.999999999795678
ENSG00000283196.2	1.76387507899562	6	0.940084257393988	0.999999999795678
ENSG00000284428.1	10.3672125627759	9	0.321583130323747	0.783375732432276
ENSG00000284600.1	0.650359331755226	3	0.884813024122472	0.999999999795678
ENSG00000284707.2	1.53487966193848	3	0.674243833121444	0.999999999795678
ENSG00000284879.1	0.141014001354961	3	0.986497510289964	0.999999999795678
ENSG00000285967.1	9.82134412478172	6	0.1323800358314	0.48715612822749
ENSG00000285906.2	7.1714004481214	3	0.0666307413187819	0.324375514609243
ENSG00000286264.2	0.954892123172613	3	0.812164849218607	0.999999999795678
ENSG00000286193.2	2.10836055829259	3	0.550223218118741	0.966210808531499
ENSG00000286905.1	0.0544435360129683	3	0.996676038556255	0.999999999795678
ENSG00000287737.1	13.0006142092088	6	0.0430261942465786	0.248254328061646
ENSG00000288534.1	8.89135353250276	3	0.030770826308523	0.19720086077723
ENSG00000288612.1	2.55556891712513	3	0.465332184330215	0.916755290003657
